Strike	Expiry	Type	Symbol	Last	Bid	Ask	Chg	PctChg	Vol	Open_Int	IV	Root	IsNonstandard	Underlying	Underlying_Price	Quote_Time	Last_Trade_Date	JSON
35.0	2018-01-19	call	RCL180119C00035000	91.72	84.35	88.5	0.0	0.0	170.0	0.0	1.0000000000000003e-05	RCL	False	RCL	127.09	2018-01-12 18:41:23	2017-12-19 19:14:18	{'bid': 84.35, 'expiration': 1516320000, 'currency': 'USD', 'lastPrice': 91.72, 'volume': 170, 'ask': 88.5, 'inTheMoney': True, 'lastTradeDate': 1513710858, 'openInterest': 0, 'contractSymbol': 'RCL180119C00035000', 'percentChange': 0.0, 'change': 0.0, 'impliedVolatility': 1.0000000000000003e-05, 'strike': 35.0, 'contractSize': 'REGULAR'}
40.0	2018-01-19	call	RCL180119C00040000	80.57	78.9	83.45	-5.9800034	-6.9093046	5.0	5.0	1.0000000000000003e-05	RCL	False	RCL	127.09	2018-01-12 18:41:23	2018-01-05 17:05:21	{'bid': 78.9, 'expiration': 1516320000, 'currency': 'USD', 'lastPrice': 80.57, 'volume': 5, 'ask': 83.45, 'inTheMoney': True, 'lastTradeDate': 1515171921, 'openInterest': 5, 'contractSymbol': 'RCL180119C00040000', 'percentChange': -6.9093046, 'change': -5.9800034, 'impliedVolatility': 1.0000000000000003e-05, 'strike': 40.0, 'contractSize': 'REGULAR'}
42.5	2018-01-19	call	RCL180119C00042500	42.5	75.8	80.3	0.0	0.0	0.0	0.0	1.0000000000000003e-05	RCL	False	RCL	127.09	2018-01-12 18:41:23	2017-06-03 03:49:16	{'bid': 75.8, 'expiration': 1516320000, 'currency': 'USD', 'lastPrice': 42.5, 'volume': 0, 'ask': 80.3, 'inTheMoney': True, 'lastTradeDate': 1496461756, 'openInterest': 0, 'contractSymbol': 'RCL180119C00042500', 'percentChange': 0.0, 'change': 0.0, 'impliedVolatility': 1.0000000000000003e-05, 'strike': 42.5, 'contractSize': 'REGULAR'}
45.0	2018-01-19	call	RCL180119C00045000	52.13	73.5	77.9	0.0	0.0	20.0	0.0	1.0000000000000003e-05	RCL	False	RCL	127.09	2018-01-12 18:41:23	2017-06-03 03:49:16	{'bid': 73.5, 'expiration': 1516320000, 'currency': 'USD', 'lastPrice': 52.13, 'volume': 20, 'ask': 77.9, 'inTheMoney': True, 'lastTradeDate': 1496461756, 'openInterest': 0, 'contractSymbol': 'RCL180119C00045000', 'percentChange': 0.0, 'change': 0.0, 'impliedVolatility': 1.0000000000000003e-05, 'strike': 45.0, 'contractSize': 'REGULAR'}
47.5	2018-01-19	call	RCL180119C00047500	37.06	70.8	75.5	0.0	0.0	5.0	0.0	1.0000000000000003e-05	RCL	False	RCL	127.09	2018-01-12 18:41:23	2017-06-03 03:49:16	{'bid': 70.8, 'expiration': 1516320000, 'currency': 'USD', 'lastPrice': 37.06, 'volume': 5, 'ask': 75.5, 'inTheMoney': True, 'lastTradeDate': 1496461756, 'openInterest': 0, 'contractSymbol': 'RCL180119C00047500', 'percentChange': 0.0, 'change': 0.0, 'impliedVolatility': 1.0000000000000003e-05, 'strike': 47.5, 'contractSize': 'REGULAR'}
50.0	2018-01-19	call	RCL180119C00050000	63.37	60.95	65.05	0.95000076	1.5219494	7.0	17.0	1.0000000000000003e-05	RCL	False	RCL	127.09	2018-01-12 18:41:23	2017-06-19 13:41:43	{'bid': 60.95, 'expiration': 1516320000, 'currency': 'USD', 'lastPrice': 63.37, 'volume': 7, 'ask': 65.05, 'inTheMoney': True, 'lastTradeDate': 1497879703, 'openInterest': 17, 'contractSymbol': 'RCL180119C00050000', 'percentChange': 1.5219494, 'change': 0.95000076, 'impliedVolatility': 1.0000000000000003e-05, 'strike': 50.0, 'contractSize': 'REGULAR'}
55.0	2018-01-19	call	RCL180119C00055000	60.22	63.4	68.0	0.0	0.0	10.0	0.0	1.0000000000000003e-05	RCL	False	RCL	127.09	2018-01-12 18:41:23	2017-09-20 15:47:26	{'bid': 63.4, 'expiration': 1516320000, 'currency': 'USD', 'lastPrice': 60.22, 'volume': 10, 'ask': 68.0, 'inTheMoney': True, 'lastTradeDate': 1505922446, 'openInterest': 0, 'contractSymbol': 'RCL180119C00055000', 'percentChange': 0.0, 'change': 0.0, 'impliedVolatility': 1.0000000000000003e-05, 'strike': 55.0, 'contractSize': 'REGULAR'}
57.5	2018-01-19	call	RCL180119C00057500	57.8	60.9	65.4	0.0	0.0	2.0	0.0	1.0000000000000003e-05	RCL	False	RCL	127.09	2018-01-12 18:41:23	2017-09-20 19:48:30	{'bid': 60.9, 'expiration': 1516320000, 'currency': 'USD', 'lastPrice': 57.8, 'volume': 2, 'ask': 65.4, 'inTheMoney': True, 'lastTradeDate': 1505936910, 'openInterest': 0, 'contractSymbol': 'RCL180119C00057500', 'percentChange': 0.0, 'change': 0.0, 'impliedVolatility': 1.0000000000000003e-05, 'strike': 57.5, 'contractSize': 'REGULAR'}
60.0	2018-01-19	call	RCL180119C00060000	64.55	58.7	63.45	0.0	0.0	4.0	40.0	1.0000000000000003e-05	RCL	False	RCL	127.09	2018-01-12 18:41:23	2017-12-20 15:39:43	{'bid': 58.7, 'expiration': 1516320000, 'currency': 'USD', 'lastPrice': 64.55, 'volume': 4, 'ask': 63.45, 'inTheMoney': True, 'lastTradeDate': 1513784383, 'openInterest': 40, 'contractSymbol': 'RCL180119C00060000', 'percentChange': 0.0, 'change': 0.0, 'impliedVolatility': 1.0000000000000003e-05, 'strike': 60.0, 'contractSize': 'REGULAR'}
62.5	2018-01-19	call	RCL180119C00062500	57.9	56.5	58.15	0.0	0.0	7.0	7.0	1.0000000000000003e-05	RCL	False	RCL	127.09	2018-01-12 18:41:23	2017-12-28 20:22:14	{'bid': 56.5, 'expiration': 1516320000, 'currency': 'USD', 'lastPrice': 57.9, 'volume': 7, 'ask': 58.15, 'inTheMoney': True, 'lastTradeDate': 1514492534, 'openInterest': 7, 'contractSymbol': 'RCL180119C00062500', 'percentChange': 0.0, 'change': 0.0, 'impliedVolatility': 1.0000000000000003e-05, 'strike': 62.5, 'contractSize': 'REGULAR'}
65.0	2018-01-19	call	RCL180119C00065000	61.45	53.8	58.5	0.0	0.0	46.0	11.0	1.0000000000000003e-05	RCL	False	RCL	127.09	2018-01-12 18:41:23	2017-12-19 20:09:41	{'bid': 53.8, 'expiration': 1516320000, 'currency': 'USD', 'lastPrice': 61.45, 'volume': 46, 'ask': 58.5, 'inTheMoney': True, 'lastTradeDate': 1513714181, 'openInterest': 11, 'contractSymbol': 'RCL180119C00065000', 'percentChange': 0.0, 'change': 0.0, 'impliedVolatility': 1.0000000000000003e-05, 'strike': 65.0, 'contractSize': 'REGULAR'}
67.5	2018-01-19	call	RCL180119C00067500	47.69	51.0	55.45	0.0	0.0	40.0	0.0	1.0000000000000003e-05	RCL	False	RCL	127.09	2018-01-12 18:41:23	2017-09-20 15:47:51	{'bid': 51.0, 'expiration': 1516320000, 'currency': 'USD', 'lastPrice': 47.69, 'volume': 40, 'ask': 55.45, 'inTheMoney': True, 'lastTradeDate': 1505922471, 'openInterest': 0, 'contractSymbol': 'RCL180119C00067500', 'percentChange': 0.0, 'change': 0.0, 'impliedVolatility': 1.0000000000000003e-05, 'strike': 67.5, 'contractSize': 'REGULAR'}
70.0	2018-01-19	call	RCL180119C00070000	56.6	48.75	53.5	0.0	0.0	50.0	18.0	1.0000000000000003e-05	RCL	False	RCL	127.09	2018-01-12 18:41:23	2017-12-19 20:28:19	{'bid': 48.75, 'expiration': 1516320000, 'currency': 'USD', 'lastPrice': 56.6, 'volume': 50, 'ask': 53.5, 'inTheMoney': True, 'lastTradeDate': 1513715299, 'openInterest': 18, 'contractSymbol': 'RCL180119C00070000', 'percentChange': 0.0, 'change': 0.0, 'impliedVolatility': 1.0000000000000003e-05, 'strike': 70.0, 'contractSize': 'REGULAR'}
72.5	2018-01-19	call	RCL180119C00072500	52.09	46.2	50.8	0.0	0.0	4.0	112.0	1.0000000000000003e-05	RCL	False	RCL	127.09	2018-01-12 18:41:23	2017-12-20 15:38:28	{'bid': 46.2, 'expiration': 1516320000, 'currency': 'USD', 'lastPrice': 52.09, 'volume': 4, 'ask': 50.8, 'inTheMoney': True, 'lastTradeDate': 1513784308, 'openInterest': 112, 'contractSymbol': 'RCL180119C00072500', 'percentChange': 0.0, 'change': 0.0, 'impliedVolatility': 1.0000000000000003e-05, 'strike': 72.5, 'contractSize': 'REGULAR'}
75.0	2018-01-19	call	RCL180119C00075000	51.6	43.95	48.4	0.0	0.0	40.0	5.0	1.0000000000000003e-05	RCL	False	RCL	127.09	2018-01-12 18:41:23	2017-12-19 20:18:05	{'bid': 43.95, 'expiration': 1516320000, 'currency': 'USD', 'lastPrice': 51.6, 'volume': 40, 'ask': 48.4, 'inTheMoney': True, 'lastTradeDate': 1513714685, 'openInterest': 5, 'contractSymbol': 'RCL180119C00075000', 'percentChange': 0.0, 'change': 0.0, 'impliedVolatility': 1.0000000000000003e-05, 'strike': 75.0, 'contractSize': 'REGULAR'}
77.5	2018-01-19	call	RCL180119C00077500	49.1	41.2	45.7	0.0	0.0	44.0	0.0	1.0000000000000003e-05	RCL	False	RCL	127.09	2018-01-12 18:41:23	2017-12-19 20:25:04	{'bid': 41.2, 'expiration': 1516320000, 'currency': 'USD', 'lastPrice': 49.1, 'volume': 44, 'ask': 45.7, 'inTheMoney': True, 'lastTradeDate': 1513715104, 'openInterest': 0, 'contractSymbol': 'RCL180119C00077500', 'percentChange': 0.0, 'change': 0.0, 'impliedVolatility': 1.0000000000000003e-05, 'strike': 77.5, 'contractSize': 'REGULAR'}
80.0	2018-01-19	call	RCL180119C00080000	42.18	38.9	43.3	0.0	0.0	10.0	81.0	1.0000000000000003e-05	RCL	False	RCL	127.09	2018-01-12 18:41:23	2017-12-21 19:05:08	{'bid': 38.9, 'expiration': 1516320000, 'currency': 'USD', 'lastPrice': 42.18, 'volume': 10, 'ask': 43.3, 'inTheMoney': True, 'lastTradeDate': 1513883108, 'openInterest': 81, 'contractSymbol': 'RCL180119C00080000', 'percentChange': 0.0, 'change': 0.0, 'impliedVolatility': 1.0000000000000003e-05, 'strike': 80.0, 'contractSize': 'REGULAR'}
82.5	2018-01-19	call	RCL180119C00082500	44.3	36.3	40.95	0.0	0.0	80.0	0.0	1.0000000000000003e-05	RCL	False	RCL	127.09	2018-01-12 18:41:23	2017-12-19 19:10:00	{'bid': 36.3, 'expiration': 1516320000, 'currency': 'USD', 'lastPrice': 44.3, 'volume': 80, 'ask': 40.95, 'inTheMoney': True, 'lastTradeDate': 1513710600, 'openInterest': 0, 'contractSymbol': 'RCL180119C00082500', 'percentChange': 0.0, 'change': 0.0, 'impliedVolatility': 1.0000000000000003e-05, 'strike': 82.5, 'contractSize': 'REGULAR'}
85.0	2018-01-19	call	RCL180119C00085000	41.8	33.95	38.3	0.0	0.0	320.0	0.0	1.0000000000000003e-05	RCL	False	RCL	127.09	2018-01-12 18:41:23	2017-12-19 19:10:00	{'bid': 33.95, 'expiration': 1516320000, 'currency': 'USD', 'lastPrice': 41.8, 'volume': 320, 'ask': 38.3, 'inTheMoney': True, 'lastTradeDate': 1513710600, 'openInterest': 0, 'contractSymbol': 'RCL180119C00085000', 'percentChange': 0.0, 'change': 0.0, 'impliedVolatility': 1.0000000000000003e-05, 'strike': 85.0, 'contractSize': 'REGULAR'}
87.5	2018-01-19	call	RCL180119C00087500	39.5	31.25	35.7	0.0	0.0	721.0	0.0	1.0000000000000003e-05	RCL	False	RCL	127.09	2018-01-12 18:41:23	2017-12-19 19:09:56	{'bid': 31.25, 'expiration': 1516320000, 'currency': 'USD', 'lastPrice': 39.5, 'volume': 721, 'ask': 35.7, 'inTheMoney': True, 'lastTradeDate': 1513710596, 'openInterest': 0, 'contractSymbol': 'RCL180119C00087500', 'percentChange': 0.0, 'change': 0.0, 'impliedVolatility': 1.0000000000000003e-05, 'strike': 87.5, 'contractSize': 'REGULAR'}
90.0	2018-01-19	call	RCL180119C00090000	32.18	28.75	33.4	0.0	0.0	13.0	21.0	1.0000000000000003e-05	RCL	False	RCL	127.09	2018-01-12 18:41:23	2017-12-21 19:02:11	{'bid': 28.75, 'expiration': 1516320000, 'currency': 'USD', 'lastPrice': 32.18, 'volume': 13, 'ask': 33.4, 'inTheMoney': True, 'lastTradeDate': 1513882931, 'openInterest': 21, 'contractSymbol': 'RCL180119C00090000', 'percentChange': 0.0, 'change': 0.0, 'impliedVolatility': 1.0000000000000003e-05, 'strike': 90.0, 'contractSize': 'REGULAR'}
92.5	2018-01-19	call	RCL180119C00092500	34.45	26.4	31.0	0.0	0.0	240.0	0.0	1.0000000000000003e-05	RCL	False	RCL	127.09	2018-01-12 18:41:23	2017-12-19 19:09:58	{'bid': 26.4, 'expiration': 1516320000, 'currency': 'USD', 'lastPrice': 34.45, 'volume': 240, 'ask': 31.0, 'inTheMoney': True, 'lastTradeDate': 1513710598, 'openInterest': 0, 'contractSymbol': 'RCL180119C00092500', 'percentChange': 0.0, 'change': 0.0, 'impliedVolatility': 1.0000000000000003e-05, 'strike': 92.5, 'contractSize': 'REGULAR'}
95.0	2018-01-19	call	RCL180119C00095000	25.4	23.9	25.35	-4.5300007	-15.135318	5.0	1.0	1.0000000000000003e-05	RCL	False	RCL	127.09	2018-01-12 18:41:23	2017-12-29 16:32:00	{'bid': 23.9, 'expiration': 1516320000, 'currency': 'USD', 'lastPrice': 25.4, 'volume': 5, 'ask': 25.35, 'inTheMoney': True, 'lastTradeDate': 1514565120, 'openInterest': 1, 'contractSymbol': 'RCL180119C00095000', 'percentChange': -15.135318, 'change': -4.5300007, 'impliedVolatility': 1.0000000000000003e-05, 'strike': 95.0, 'contractSize': 'REGULAR'}
97.5	2018-01-19	call	RCL180119C00097500	29.39	21.6	26.0	0.0	0.0	401.0	1.0	1.0000000000000003e-05	RCL	False	RCL	127.09	2018-01-12 18:41:23	2017-12-19 20:26:07	{'bid': 21.6, 'expiration': 1516320000, 'currency': 'USD', 'lastPrice': 29.39, 'volume': 401, 'ask': 26.0, 'inTheMoney': True, 'lastTradeDate': 1513715167, 'openInterest': 1, 'contractSymbol': 'RCL180119C00097500', 'percentChange': 0.0, 'change': 0.0, 'impliedVolatility': 1.0000000000000003e-05, 'strike': 97.5, 'contractSize': 'REGULAR'}
100.0	2018-01-19	call	RCL180119C00100000	22.85	24.9	29.2	0.0	0.0	6.0	89.0	1.5859395703124997	RCL	False	RCL	127.09	2018-01-12 18:41:23	2018-01-09 15:13:49	{'bid': 24.9, 'expiration': 1516320000, 'currency': 'USD', 'lastPrice': 22.85, 'volume': 6, 'ask': 29.2, 'inTheMoney': True, 'lastTradeDate': 1515510829, 'openInterest': 89, 'contractSymbol': 'RCL180119C00100000', 'percentChange': 0.0, 'change': 0.0, 'impliedVolatility': 1.5859395703124997, 'strike': 100.0, 'contractSize': 'REGULAR'}
105.0	2018-01-19	call	RCL180119C00105000	22.4	14.0	18.75	0.0	0.0	1601.0	0.0	1.0000000000000003e-05	RCL	False	RCL	127.09	2018-01-12 18:41:23	2017-12-19 19:09:46	{'bid': 14.0, 'expiration': 1516320000, 'currency': 'USD', 'lastPrice': 22.4, 'volume': 1601, 'ask': 18.75, 'inTheMoney': True, 'lastTradeDate': 1513710586, 'openInterest': 0, 'contractSymbol': 'RCL180119C00105000', 'percentChange': 0.0, 'change': 0.0, 'impliedVolatility': 1.0000000000000003e-05, 'strike': 105.0, 'contractSize': 'REGULAR'}
110.0	2018-01-19	call	RCL180119C00110000	16.7	15.15	19.35	1.1300011	7.257554	2.0	74.0	0.5585981640625001	RCL	False	RCL	127.09	2018-01-12 18:41:23	2018-01-12 14:54:59	{'bid': 15.15, 'expiration': 1516320000, 'currency': 'USD', 'lastPrice': 16.7, 'volume': 2, 'ask': 19.35, 'inTheMoney': True, 'lastTradeDate': 1515768899, 'openInterest': 74, 'contractSymbol': 'RCL180119C00110000', 'percentChange': 7.257554, 'change': 1.1300011, 'impliedVolatility': 0.5585981640625001, 'strike': 110.0, 'contractSize': 'REGULAR'}
111.0	2018-01-19	call	RCL180119C00111000	12.3	13.9	17.95	0.0	0.0	1.0	4.0	1.0307665649414064	RCL	False	RCL	127.09	2018-01-12 18:41:23	2018-01-09 19:47:59	{'bid': 13.9, 'expiration': 1516320000, 'currency': 'USD', 'lastPrice': 12.3, 'volume': 1, 'ask': 17.95, 'inTheMoney': True, 'lastTradeDate': 1515527279, 'openInterest': 4, 'contractSymbol': 'RCL180119C00111000', 'percentChange': 0.0, 'change': 0.0, 'impliedVolatility': 1.0307665649414064, 'strike': 111.0, 'contractSize': 'REGULAR'}
113.0	2018-01-19	call	RCL180119C00113000	8.25	6.75	7.55	0.25	3.125	1.0	2.0	1.0000000000000003e-05	RCL	False	RCL	127.09	2018-01-12 18:41:23	2017-12-29 15:49:08	{'bid': 6.75, 'expiration': 1516320000, 'currency': 'USD', 'lastPrice': 8.25, 'volume': 1, 'ask': 7.55, 'inTheMoney': True, 'lastTradeDate': 1514562548, 'openInterest': 2, 'contractSymbol': 'RCL180119C00113000', 'percentChange': 3.125, 'change': 0.25, 'impliedVolatility': 1.0000000000000003e-05, 'strike': 113.0, 'contractSize': 'REGULAR'}
114.0	2018-01-19	call	RCL180119C00114000	7.65	5.95	6.5	0.0	0.0	3.0	3.0	1.0000000000000003e-05	RCL	False	RCL	127.09	2018-01-12 18:41:23	2017-12-30 04:54:58	{'bid': 5.95, 'expiration': 1516320000, 'currency': 'USD', 'lastPrice': 7.65, 'volume': 3, 'ask': 6.5, 'inTheMoney': True, 'lastTradeDate': 1514609698, 'openInterest': 3, 'contractSymbol': 'RCL180119C00114000', 'percentChange': 0.0, 'change': 0.0, 'impliedVolatility': 1.0000000000000003e-05, 'strike': 114.0, 'contractSize': 'REGULAR'}
115.0	2018-01-19	call	RCL180119C00115000	12.3	12.05	12.45	2.1999998	21.782177	3.0	1117.0	0.49805189453125004	RCL	False	RCL	127.09	2018-01-12 18:41:23	2018-01-12 15:37:11	{'bid': 12.05, 'expiration': 1516320000, 'currency': 'USD', 'lastPrice': 12.3, 'volume': 3, 'ask': 12.45, 'inTheMoney': True, 'lastTradeDate': 1515771431, 'openInterest': 1117, 'contractSymbol': 'RCL180119C00115000', 'percentChange': 21.782177, 'change': 2.1999998, 'impliedVolatility': 0.49805189453125004, 'strike': 115.0, 'contractSize': 'REGULAR'}
116.0	2018-01-19	call	RCL180119C00116000	6.35	4.2	4.8	0.0	0.0	1.0	1.0	1.0000000000000003e-05	RCL	False	RCL	127.09	2018-01-12 18:41:23	2017-12-30 04:54:58	{'bid': 4.2, 'expiration': 1516320000, 'currency': 'USD', 'lastPrice': 6.35, 'volume': 1, 'ask': 4.8, 'inTheMoney': True, 'lastTradeDate': 1514609698, 'openInterest': 1, 'contractSymbol': 'RCL180119C00116000', 'percentChange': 0.0, 'change': 0.0, 'impliedVolatility': 1.0000000000000003e-05, 'strike': 116.0, 'contractSize': 'REGULAR'}
117.0	2018-01-19	call	RCL180119C00117000	7.0	10.0	10.55	0.0	0.0	1.0	6.0	0.4624077197265626	RCL	False	RCL	127.09	2018-01-12 18:41:23	2018-01-10 15:29:23	{'bid': 10.0, 'expiration': 1516320000, 'currency': 'USD', 'lastPrice': 7.0, 'volume': 1, 'ask': 10.55, 'inTheMoney': True, 'lastTradeDate': 1515598163, 'openInterest': 6, 'contractSymbol': 'RCL180119C00117000', 'percentChange': 0.0, 'change': 0.0, 'impliedVolatility': 0.4624077197265626, 'strike': 117.0, 'contractSize': 'REGULAR'}
118.0	2018-01-19	call	RCL180119C00118000	5.75	4.1	4.3	0.0	0.0	1.0	16.0	1.0000000000000003e-05	RCL	False	RCL	127.09	2018-01-12 18:41:23	2018-01-04 16:34:51	{'bid': 4.1, 'expiration': 1516320000, 'currency': 'USD', 'lastPrice': 5.75, 'volume': 1, 'ask': 4.3, 'inTheMoney': True, 'lastTradeDate': 1515083691, 'openInterest': 16, 'contractSymbol': 'RCL180119C00118000', 'percentChange': 0.0, 'change': 0.0, 'impliedVolatility': 1.0000000000000003e-05, 'strike': 118.0, 'contractSize': 'REGULAR'}
119.0	2018-01-19	call	RCL180119C00119000	4.7	3.35	3.55	0.0	0.0	10.0	19.0	1.0000000000000003e-05	RCL	False	RCL	127.09	2018-01-12 18:41:23	2018-01-04 15:16:52	{'bid': 3.35, 'expiration': 1516320000, 'currency': 'USD', 'lastPrice': 4.7, 'volume': 10, 'ask': 3.55, 'inTheMoney': True, 'lastTradeDate': 1515079012, 'openInterest': 19, 'contractSymbol': 'RCL180119C00119000', 'percentChange': 0.0, 'change': 0.0, 'impliedVolatility': 1.0000000000000003e-05, 'strike': 119.0, 'contractSize': 'REGULAR'}
120.0	2018-01-19	call	RCL180119C00120000	7.51	7.2	7.65	1.96	35.315315	9.0	1150.0	0.38086556640624997	RCL	False	RCL	127.09	2018-01-12 18:41:23	2018-01-12 16:54:27	{'bid': 7.2, 'expiration': 1516320000, 'currency': 'USD', 'lastPrice': 7.51, 'volume': 9, 'ask': 7.65, 'inTheMoney': True, 'lastTradeDate': 1515776067, 'openInterest': 1150, 'contractSymbol': 'RCL180119C00120000', 'percentChange': 35.315315, 'change': 1.96, 'impliedVolatility': 0.38086556640624997, 'strike': 120.0, 'contractSize': 'REGULAR'}
121.0	2018-01-19	call	RCL180119C00121000	3.34	6.0	6.6	0.0	0.0	13.0	61.0	0.3320379296875	RCL	False	RCL	127.09	2018-01-12 18:41:23	2018-01-09 15:28:03	{'bid': 6.0, 'expiration': 1516320000, 'currency': 'USD', 'lastPrice': 3.34, 'volume': 13, 'ask': 6.6, 'inTheMoney': True, 'lastTradeDate': 1515511683, 'openInterest': 61, 'contractSymbol': 'RCL180119C00121000', 'percentChange': 0.0, 'change': 0.0, 'impliedVolatility': 0.3320379296875, 'strike': 121.0, 'contractSize': 'REGULAR'}
122.0	2018-01-19	call	RCL180119C00122000	5.55	5.25	5.65	1.7100003	44.531258	3.0	5046.0	0.3051827294921875	RCL	False	RCL	127.09	2018-01-12 18:41:23	2018-01-12 16:55:51	{'bid': 5.25, 'expiration': 1516320000, 'currency': 'USD', 'lastPrice': 5.55, 'volume': 3, 'ask': 5.65, 'inTheMoney': True, 'lastTradeDate': 1515776151, 'openInterest': 5046, 'contractSymbol': 'RCL180119C00122000', 'percentChange': 44.531258, 'change': 1.7100003, 'impliedVolatility': 0.3051827294921875, 'strike': 122.0, 'contractSize': 'REGULAR'}
123.0	2018-01-19	call	RCL180119C00123000	3.05	4.25	4.5	0.0	0.0	27.0	50.0	0.23584748535156247	RCL	False	RCL	127.09	2018-01-12 18:41:23	2018-01-11 20:55:03	{'bid': 4.25, 'expiration': 1516320000, 'currency': 'USD', 'lastPrice': 3.05, 'volume': 27, 'ask': 4.5, 'inTheMoney': True, 'lastTradeDate': 1515704103, 'openInterest': 50, 'contractSymbol': 'RCL180119C00123000', 'percentChange': 0.0, 'change': 0.0, 'impliedVolatility': 0.23584748535156247, 'strike': 123.0, 'contractSize': 'REGULAR'}
124.0	2018-01-19	call	RCL180119C00124000	3.85	3.45	3.7	1.48	62.44726	8.0	174.0	0.23389437988281248	RCL	False	RCL	127.09	2018-01-12 18:41:23	2018-01-12 16:38:53	{'bid': 3.45, 'expiration': 1516320000, 'currency': 'USD', 'lastPrice': 3.85, 'volume': 8, 'ask': 3.7, 'inTheMoney': True, 'lastTradeDate': 1515775133, 'openInterest': 174, 'contractSymbol': 'RCL180119C00124000', 'percentChange': 62.44726, 'change': 1.48, 'impliedVolatility': 0.23389437988281248, 'strike': 124.0, 'contractSize': 'REGULAR'}
125.0	2018-01-19	call	RCL180119C00125000	2.66	2.65	2.95	0.96000004	56.470592	66.0	3245.0	0.22901161621093752	RCL	False	RCL	127.09	2018-01-12 18:41:23	2018-01-12 18:09:38	{'bid': 2.65, 'expiration': 1516320000, 'currency': 'USD', 'lastPrice': 2.66, 'volume': 66, 'ask': 2.95, 'inTheMoney': True, 'lastTradeDate': 1515780578, 'openInterest': 3245, 'contractSymbol': 'RCL180119C00125000', 'percentChange': 56.470592, 'change': 0.96000004, 'impliedVolatility': 0.22901161621093752, 'strike': 125.0, 'contractSize': 'REGULAR'}
126.0	2018-01-19	call	RCL180119C00126000	1.95	1.9	2.04	0.85	77.27273	23.0	10059.0	0.19117019775390626	RCL	False	RCL	127.09	2018-01-12 18:41:23	2018-01-12 17:59:39	{'bid': 1.9, 'expiration': 1516320000, 'currency': 'USD', 'lastPrice': 1.95, 'volume': 23, 'ask': 2.04, 'inTheMoney': True, 'lastTradeDate': 1515779979, 'openInterest': 10059, 'contractSymbol': 'RCL180119C00126000', 'percentChange': 77.27273, 'change': 0.85, 'impliedVolatility': 0.19117019775390626, 'strike': 126.0, 'contractSize': 'REGULAR'}
127.0	2018-01-19	call	RCL180119C00127000	1.29	1.34	1.45	0.67999995	111.475395	12.0	113.0	0.18726398681640627	RCL	False	RCL	127.09	2018-01-12 18:41:23	2018-01-12 15:34:19	{'bid': 1.34, 'expiration': 1516320000, 'currency': 'USD', 'lastPrice': 1.29, 'volume': 12, 'ask': 1.45, 'inTheMoney': True, 'lastTradeDate': 1515771259, 'openInterest': 113, 'contractSymbol': 'RCL180119C00127000', 'percentChange': 111.475395, 'change': 0.67999995, 'impliedVolatility': 0.18726398681640627, 'strike': 127.0, 'contractSize': 'REGULAR'}
129.0	2018-01-19	call	RCL180119C00129000	0.68	0.54	0.61	0.51	300.0	95.0	68.0	0.17920742675781248	RCL	False	RCL	127.09	2018-01-12 18:41:23	2018-01-12 16:44:29	{'bid': 0.54, 'expiration': 1516320000, 'currency': 'USD', 'lastPrice': 0.68, 'volume': 95, 'ask': 0.61, 'inTheMoney': False, 'lastTradeDate': 1515775469, 'openInterest': 68, 'contractSymbol': 'RCL180119C00129000', 'percentChange': 300.0, 'change': 0.51, 'impliedVolatility': 0.17920742675781248, 'strike': 129.0, 'contractSize': 'REGULAR'}
130.0	2018-01-19	call	RCL180119C00130000	0.31	0.32	0.38	0.15	93.75001	179.0	1443.0	0.180672255859375	RCL	False	RCL	127.09	2018-01-12 18:41:23	2018-01-12 18:09:38	{'bid': 0.32, 'expiration': 1516320000, 'currency': 'USD', 'lastPrice': 0.31, 'volume': 179, 'ask': 0.38, 'inTheMoney': False, 'lastTradeDate': 1515780578, 'openInterest': 1443, 'contractSymbol': 'RCL180119C00130000', 'percentChange': 93.75001, 'change': 0.15, 'impliedVolatility': 0.180672255859375, 'strike': 130.0, 'contractSize': 'REGULAR'}
131.0	2018-01-19	call	RCL180119C00131000	0.23	0.16	0.2	0.16	228.57141	31.0	2.0	0.1753012158203125	RCL	False	RCL	127.09	2018-01-12 18:41:23	2018-01-12 17:25:20	{'bid': 0.16, 'expiration': 1516320000, 'currency': 'USD', 'lastPrice': 0.23, 'volume': 31, 'ask': 0.2, 'inTheMoney': False, 'lastTradeDate': 1515777920, 'openInterest': 2, 'contractSymbol': 'RCL180119C00131000', 'percentChange': 228.57141, 'change': 0.16, 'impliedVolatility': 0.1753012158203125, 'strike': 131.0, 'contractSize': 'REGULAR'}
132.0	2018-01-19	call	RCL180119C00132000	0.08	0.08	0.12	0.029999997	59.999996	4.0	38.0	0.179695703125	RCL	False	RCL	127.09	2018-01-12 18:41:23	2018-01-12 14:43:20	{'bid': 0.08, 'expiration': 1516320000, 'currency': 'USD', 'lastPrice': 0.08, 'volume': 4, 'ask': 0.12, 'inTheMoney': False, 'lastTradeDate': 1515768200, 'openInterest': 38, 'contractSymbol': 'RCL180119C00132000', 'percentChange': 59.999996, 'change': 0.029999997, 'impliedVolatility': 0.179695703125, 'strike': 132.0, 'contractSize': 'REGULAR'}
133.0	2018-01-19	call	RCL180119C00133000	0.07	0.04	0.08	0.04	133.33334	5.0	5.0	0.18946123046875002	RCL	False	RCL	127.09	2018-01-12 18:41:23	2018-01-12 16:44:29	{'bid': 0.04, 'expiration': 1516320000, 'currency': 'USD', 'lastPrice': 0.07, 'volume': 5, 'ask': 0.08, 'inTheMoney': False, 'lastTradeDate': 1515775469, 'openInterest': 5, 'contractSymbol': 'RCL180119C00133000', 'percentChange': 133.33334, 'change': 0.04, 'impliedVolatility': 0.18946123046875002, 'strike': 133.0, 'contractSize': 'REGULAR'}
134.0	2018-01-19	call	RCL180119C00134000	0.04	0.0	0.05	-0.89	-95.69892	20.0	2.0	0.195320546875	RCL	False	RCL	127.09	2018-01-12 18:41:23	2018-01-05 15:08:14	{'bid': 0.0, 'expiration': 1516320000, 'currency': 'USD', 'lastPrice': 0.04, 'volume': 20, 'ask': 0.05, 'inTheMoney': False, 'lastTradeDate': 1515164894, 'openInterest': 2, 'contractSymbol': 'RCL180119C00134000', 'percentChange': -95.69892, 'change': -0.89, 'impliedVolatility': 0.195320546875, 'strike': 134.0, 'contractSize': 'REGULAR'}
135.0	2018-01-19	call	RCL180119C00135000	0.01	0.01	0.05	0.0	0.0	21.0	221.0	0.21778125976562498	RCL	False	RCL	127.09	2018-01-12 18:41:23	2018-01-08 20:08:32	{'bid': 0.01, 'expiration': 1516320000, 'currency': 'USD', 'lastPrice': 0.01, 'volume': 21, 'ask': 0.05, 'inTheMoney': False, 'lastTradeDate': 1515442112, 'openInterest': 221, 'contractSymbol': 'RCL180119C00135000', 'percentChange': 0.0, 'change': 0.0, 'impliedVolatility': 0.21778125976562498, 'strike': 135.0, 'contractSize': 'REGULAR'}
136.0	2018-01-19	call	RCL180119C00136000	0.03	0.0	0.04	0.0	0.0	10.0	5.0	0.2304764453125	RCL	False	RCL	127.09	2018-01-12 18:41:23	2018-01-11 16:17:53	{'bid': 0.0, 'expiration': 1516320000, 'currency': 'USD', 'lastPrice': 0.03, 'volume': 10, 'ask': 0.04, 'inTheMoney': False, 'lastTradeDate': 1515687473, 'openInterest': 5, 'contractSymbol': 'RCL180119C00136000', 'percentChange': 0.0, 'change': 0.0, 'impliedVolatility': 0.2304764453125, 'strike': 136.0, 'contractSize': 'REGULAR'}
137.0	2018-01-19	call	RCL180119C00137000	0.02	0.0	0.04	0.0	0.0	20.0	5.0	0.25196060546875	RCL	False	RCL	127.09	2018-01-12 18:41:23	2018-01-11 20:11:10	{'bid': 0.0, 'expiration': 1516320000, 'currency': 'USD', 'lastPrice': 0.02, 'volume': 20, 'ask': 0.04, 'inTheMoney': False, 'lastTradeDate': 1515701470, 'openInterest': 5, 'contractSymbol': 'RCL180119C00137000', 'percentChange': 0.0, 'change': 0.0, 'impliedVolatility': 0.25196060546875, 'strike': 137.0, 'contractSize': 'REGULAR'}
138.0	2018-01-19	call	RCL180119C00138000	0.26	0.0	0.08	0.0	0.0	2.0	2.0	0.304694453125	RCL	False	RCL	127.09	2018-01-12 18:41:23	2017-12-23 04:50:36	{'bid': 0.0, 'expiration': 1516320000, 'currency': 'USD', 'lastPrice': 0.26, 'volume': 2, 'ask': 0.08, 'inTheMoney': False, 'lastTradeDate': 1514004636, 'openInterest': 2, 'contractSymbol': 'RCL180119C00138000', 'percentChange': 0.0, 'change': 0.0, 'impliedVolatility': 0.304694453125, 'strike': 138.0, 'contractSize': 'REGULAR'}
139.0	2018-01-19	call	RCL180119C00139000	0.03	0.0	0.04	0.0	0.0	10.0	10.0	0.2910227148437499	RCL	False	RCL	127.09	2018-01-12 18:41:23	2018-01-12 18:11:00	{'bid': 0.0, 'expiration': 1516320000, 'currency': 'USD', 'lastPrice': 0.03, 'volume': 10, 'ask': 0.04, 'inTheMoney': False, 'lastTradeDate': 1515780660, 'openInterest': 10, 'contractSymbol': 'RCL180119C00139000', 'percentChange': 0.0, 'change': 0.0, 'impliedVolatility': 0.2910227148437499, 'strike': 139.0, 'contractSize': 'REGULAR'}
140.0	2018-01-19	call	RCL180119C00140000	0.03	0.0	0.04	0.0	0.0	10.0	259.0	0.31250687499999996	RCL	False	RCL	127.09	2018-01-12 18:41:23	2018-01-11 20:27:09	{'bid': 0.0, 'expiration': 1516320000, 'currency': 'USD', 'lastPrice': 0.03, 'volume': 10, 'ask': 0.04, 'inTheMoney': False, 'lastTradeDate': 1515702429, 'openInterest': 259, 'contractSymbol': 'RCL180119C00140000', 'percentChange': 0.0, 'change': 0.0, 'impliedVolatility': 0.31250687499999996, 'strike': 140.0, 'contractSize': 'REGULAR'}
145.0	2018-01-19	call	RCL180119C00145000	0.02	0.0	0.1	0.0	0.0	21.0	67.0	0.46484910156250003	RCL	False	RCL	127.09	2018-01-12 18:41:23	2017-12-21 20:11:15	{'bid': 0.0, 'expiration': 1516320000, 'currency': 'USD', 'lastPrice': 0.02, 'volume': 21, 'ask': 0.1, 'inTheMoney': False, 'lastTradeDate': 1513887075, 'openInterest': 67, 'contractSymbol': 'RCL180119C00145000', 'percentChange': 0.0, 'change': 0.0, 'impliedVolatility': 0.46484910156250003, 'strike': 145.0, 'contractSize': 'REGULAR'}
150.0	2018-01-19	call	RCL180119C00150000	0.08	0.05	0.16	-0.04	-33.333336	33.0	63.0	0.5664105859375	RCL	False	RCL	127.09	2018-01-12 18:41:23	2017-11-17 19:42:50	{'bid': 0.05, 'expiration': 1516320000, 'currency': 'USD', 'lastPrice': 0.08, 'volume': 33, 'ask': 0.16, 'inTheMoney': False, 'lastTradeDate': 1510947770, 'openInterest': 63, 'contractSymbol': 'RCL180119C00150000', 'percentChange': -33.333336, 'change': -0.04, 'impliedVolatility': 0.5664105859375, 'strike': 150.0, 'contractSize': 'REGULAR'}
155.0	2018-01-19	call	RCL180119C00155000	0.08	0.0	0.1	0.0	0.0	15.0	20.0	0.5937540625000001	RCL	False	RCL	127.09	2018-01-12 18:41:23	2017-11-14 15:42:07	{'bid': 0.0, 'expiration': 1516320000, 'currency': 'USD', 'lastPrice': 0.08, 'volume': 15, 'ask': 0.1, 'inTheMoney': False, 'lastTradeDate': 1510674127, 'openInterest': 20, 'contractSymbol': 'RCL180119C00155000', 'percentChange': 0.0, 'change': 0.0, 'impliedVolatility': 0.5937540625000001, 'strike': 155.0, 'contractSize': 'REGULAR'}
