Strike	Expiry	Type	Symbol	Last	Bid	Ask	Chg	PctChg	Vol	Open_Int	IV	Root	IsNonstandard	Underlying	Underlying_Price	Quote_Time	Last_Trade_Date	JSON
155.0	2017-12-15	call	TSLA171215C00155000	181.15	183.7	184.3	0.0	0.0	1.0	0.0	4.570316787109375	TSLA	False	TSLA	339.03	2017-12-13 21:00:00	2017-12-12 14:37:21	{'lastTradeDate': 1513089441, 'currency': 'USD', 'ask': 184.3, 'volume': 1, 'bid': 183.7, 'expiration': 1513296000, 'lastPrice': 181.15, 'contractSymbol': 'TSLA171215C00155000', 'percentChange': 0.0, 'change': 0.0, 'openInterest': 0, 'inTheMoney': True, 'strike': 155.0, 'contractSize': 'REGULAR', 'impliedVolatility': 4.570316787109375}
160.0	2017-12-15	call	TSLA171215C00160000	178.45	178.7	179.3	1.25	0.70541763	1.0	2.0	4.398442001953125	TSLA	False	TSLA	339.03	2017-12-13 21:00:00	2017-12-13 14:44:00	{'lastTradeDate': 1513176240, 'currency': 'USD', 'ask': 179.3, 'volume': 1, 'bid': 178.7, 'expiration': 1513296000, 'lastPrice': 178.45, 'contractSymbol': 'TSLA171215C00160000', 'percentChange': 0.70541763, 'change': 1.25, 'openInterest': 2, 'inTheMoney': True, 'strike': 160.0, 'contractSize': 'REGULAR', 'impliedVolatility': 4.398442001953125}
165.0	2017-12-15	call	TSLA171215C00165000	177.6	173.7	174.3	0.0	0.0	3.0	0.0	4.23437970703125	TSLA	False	TSLA	339.03	2017-12-13 21:00:00	2017-12-14 00:20:32	{'lastTradeDate': 1513210832, 'currency': 'USD', 'ask': 174.3, 'volume': 3, 'bid': 173.7, 'expiration': 1513296000, 'lastPrice': 177.6, 'contractSymbol': 'TSLA171215C00165000', 'percentChange': 0.0, 'change': 0.0, 'openInterest': 0, 'inTheMoney': True, 'strike': 165.0, 'contractSize': 'REGULAR', 'impliedVolatility': 4.23437970703125}
175.0	2017-12-15	call	TSLA171215C00175000	161.19	163.1	165.25	0.0	0.0	2.0	2.0	3.6250009375000003	TSLA	False	TSLA	339.03	2017-12-13 21:00:00	2017-12-12 18:25:37	{'lastTradeDate': 1513103137, 'currency': 'USD', 'ask': 165.25, 'volume': 2, 'bid': 163.1, 'expiration': 1513296000, 'lastPrice': 161.19, 'contractSymbol': 'TSLA171215C00175000', 'percentChange': 0.0, 'change': 0.0, 'openInterest': 2, 'inTheMoney': True, 'strike': 175.0, 'contractSize': 'REGULAR', 'impliedVolatility': 3.6250009375000003}
180.0	2017-12-15	call	TSLA171215C00180000	194.96	163.5	167.5	0.0	0.0	2.0	2.0	6.927735715332031	TSLA	False	TSLA	339.03	2017-12-13 21:00:00	2017-09-16 03:57:44	{'lastTradeDate': 1505534264, 'currency': 'USD', 'ask': 167.5, 'volume': 2, 'bid': 163.5, 'expiration': 1513296000, 'lastPrice': 194.96, 'contractSymbol': 'TSLA171215C00180000', 'percentChange': 0.0, 'change': 0.0, 'openInterest': 2, 'inTheMoney': True, 'strike': 180.0, 'contractSize': 'REGULAR', 'impliedVolatility': 6.927735715332031}
190.0	2017-12-15	call	TSLA171215C00190000	185.07	153.6	157.55	0.0	0.0	4.0	4.0	6.4643573883056655	TSLA	False	TSLA	339.03	2017-12-13 21:00:00	2017-09-16 03:57:44	{'lastTradeDate': 1505534264, 'currency': 'USD', 'ask': 157.55, 'volume': 4, 'bid': 153.6, 'expiration': 1513296000, 'lastPrice': 185.07, 'contractSymbol': 'TSLA171215C00190000', 'percentChange': 0.0, 'change': 0.0, 'openInterest': 4, 'inTheMoney': True, 'strike': 190.0, 'contractSize': 'REGULAR', 'impliedVolatility': 6.4643573883056655}
200.0	2017-12-15	call	TSLA171215C00200000	140.1	138.35	140.25	14.700005	11.722491	1.0	9.0	3.189455151367187	TSLA	False	TSLA	339.03	2017-12-13 21:00:00	2017-12-13 14:31:21	{'lastTradeDate': 1513175481, 'currency': 'USD', 'ask': 140.25, 'volume': 1, 'bid': 138.35, 'expiration': 1513296000, 'lastPrice': 140.1, 'contractSymbol': 'TSLA171215C00200000', 'percentChange': 11.722491, 'change': 14.700005, 'openInterest': 9, 'inTheMoney': True, 'strike': 200.0, 'contractSize': 'REGULAR', 'impliedVolatility': 3.189455151367187}
210.0	2017-12-15	call	TSLA171215C00210000	118.1	128.1	130.25	0.0	0.0	1.0	10.0	2.69531576171875	TSLA	False	TSLA	339.03	2017-12-13 21:00:00	2017-12-11 20:46:41	{'lastTradeDate': 1513025201, 'currency': 'USD', 'ask': 130.25, 'volume': 1, 'bid': 128.1, 'expiration': 1513296000, 'lastPrice': 118.1, 'contractSymbol': 'TSLA171215C00210000', 'percentChange': 0.0, 'change': 0.0, 'openInterest': 10, 'inTheMoney': True, 'strike': 210.0, 'contractSize': 'REGULAR', 'impliedVolatility': 2.69531576171875}
215.0	2017-12-15	call	TSLA171215C00215000	91.27	90.1	92.4	-48.730003	-34.807144	2.0	5.0	1.0000000000000003e-05	TSLA	False	TSLA	339.03	2017-12-13 21:00:00	2017-11-03 19:48:31	{'lastTradeDate': 1509738511, 'currency': 'USD', 'ask': 92.4, 'volume': 2, 'bid': 90.1, 'expiration': 1513296000, 'lastPrice': 91.27, 'contractSymbol': 'TSLA171215C00215000', 'percentChange': -34.807144, 'change': -48.730003, 'openInterest': 5, 'inTheMoney': True, 'strike': 215.0, 'contractSize': 'REGULAR', 'impliedVolatility': 1.0000000000000003e-05}
220.0	2017-12-15	call	TSLA171215C00220000	94.4	94.45	97.0	1.2300034	1.3201711	35.0	66.0	1.0000000000000003e-05	TSLA	False	TSLA	339.03	2017-12-13 21:00:00	2017-12-08 20:36:30	{'lastTradeDate': 1512765390, 'currency': 'USD', 'ask': 97.0, 'volume': 35, 'bid': 94.45, 'expiration': 1513296000, 'lastPrice': 94.4, 'contractSymbol': 'TSLA171215C00220000', 'percentChange': 1.3201711, 'change': 1.2300034, 'openInterest': 66, 'inTheMoney': True, 'strike': 220.0, 'contractSize': 'REGULAR', 'impliedVolatility': 1.0000000000000003e-05}
225.0	2017-12-15	call	TSLA171215C00225000	101.96	113.1	115.15	0.0	0.0	2.0	4.0	2.2265669335937495	TSLA	False	TSLA	339.03	2017-12-13 21:00:00	2017-12-11 17:21:04	{'lastTradeDate': 1513012864, 'currency': 'USD', 'ask': 115.15, 'volume': 2, 'bid': 113.1, 'expiration': 1513296000, 'lastPrice': 101.96, 'contractSymbol': 'TSLA171215C00225000', 'percentChange': 0.0, 'change': 0.0, 'openInterest': 4, 'inTheMoney': True, 'strike': 225.0, 'contractSize': 'REGULAR', 'impliedVolatility': 2.2265669335937495}
230.0	2017-12-15	call	TSLA171215C00230000	111.79	108.1	110.2	34.03	43.762856	3.0	7.0	2.1796920507812496	TSLA	False	TSLA	339.03	2017-12-13 21:00:00	2017-12-13 16:11:44	{'lastTradeDate': 1513181504, 'currency': 'USD', 'ask': 110.2, 'volume': 3, 'bid': 108.1, 'expiration': 1513296000, 'lastPrice': 111.79, 'contractSymbol': 'TSLA171215C00230000', 'percentChange': 43.762856, 'change': 34.03, 'openInterest': 7, 'inTheMoney': True, 'strike': 230.0, 'contractSize': 'REGULAR', 'impliedVolatility': 2.1796920507812496}
235.0	2017-12-15	call	TSLA171215C00235000	75.0	70.6	73.0	0.0	0.0	22.0	41.0	1.0000000000000003e-05	TSLA	False	TSLA	339.03	2017-12-13 21:00:00	2017-11-30 15:45:36	{'lastTradeDate': 1512056736, 'currency': 'USD', 'ask': 73.0, 'volume': 22, 'bid': 70.6, 'expiration': 1513296000, 'lastPrice': 75.0, 'contractSymbol': 'TSLA171215C00235000', 'percentChange': 0.0, 'change': 0.0, 'openInterest': 41, 'inTheMoney': True, 'strike': 235.0, 'contractSize': 'REGULAR', 'impliedVolatility': 1.0000000000000003e-05}
240.0	2017-12-15	call	TSLA171215C00240000	63.39	73.6	76.3	0.0	0.0	1.0	13.0	1.0000000000000003e-05	TSLA	False	TSLA	339.03	2017-12-13 21:00:00	2017-11-15 14:45:29	{'lastTradeDate': 1510757129, 'currency': 'USD', 'ask': 76.3, 'volume': 1, 'bid': 73.6, 'expiration': 1513296000, 'lastPrice': 63.39, 'contractSymbol': 'TSLA171215C00240000', 'percentChange': 0.0, 'change': 0.0, 'openInterest': 13, 'inTheMoney': True, 'strike': 240.0, 'contractSize': 'REGULAR', 'impliedVolatility': 1.0000000000000003e-05}
245.0	2017-12-15	call	TSLA171215C00245000	78.89	93.15	95.25	0.0	0.0	11.0	9.0	1.9414065429687501	TSLA	False	TSLA	339.03	2017-12-13 21:00:00	2017-12-11 15:38:52	{'lastTradeDate': 1513006732, 'currency': 'USD', 'ask': 95.25, 'volume': 11, 'bid': 93.15, 'expiration': 1513296000, 'lastPrice': 78.89, 'contractSymbol': 'TSLA171215C00245000', 'percentChange': 0.0, 'change': 0.0, 'openInterest': 9, 'inTheMoney': True, 'strike': 245.0, 'contractSize': 'REGULAR', 'impliedVolatility': 1.9414065429687501}
250.0	2017-12-15	call	TSLA171215C00250000	88.5	88.25	90.25	1.3799973	1.5840187	3.0	85.0	1.900391123046875	TSLA	False	TSLA	339.03	2017-12-13 21:00:00	2017-12-13 14:56:49	{'lastTradeDate': 1513177009, 'currency': 'USD', 'ask': 90.25, 'volume': 3, 'bid': 88.25, 'expiration': 1513296000, 'lastPrice': 88.5, 'contractSymbol': 'TSLA171215C00250000', 'percentChange': 1.5840187, 'change': 1.3799973, 'openInterest': 85, 'inTheMoney': True, 'strike': 250.0, 'contractSize': 'REGULAR', 'impliedVolatility': 1.900391123046875}
255.0	2017-12-15	call	TSLA171215C00255000	64.16	51.45	55.3	10.080002	18.639057	2.0	54.0	1.0000000000000003e-05	TSLA	False	TSLA	339.03	2017-12-13 21:00:00	2017-11-28 19:42:56	{'lastTradeDate': 1511898176, 'currency': 'USD', 'ask': 55.3, 'volume': 2, 'bid': 51.45, 'expiration': 1513296000, 'lastPrice': 64.16, 'contractSymbol': 'TSLA171215C00255000', 'percentChange': 18.639057, 'change': 10.080002, 'openInterest': 54, 'inTheMoney': True, 'strike': 255.0, 'contractSize': 'REGULAR', 'impliedVolatility': 1.0000000000000003e-05}
260.0	2017-12-15	call	TSLA171215C00260000	67.13	78.35	80.3	0.0	0.0	2.0	198.0	1.7578137109375	TSLA	False	TSLA	339.03	2017-12-13 21:00:00	2017-12-11 19:04:30	{'lastTradeDate': 1513019070, 'currency': 'USD', 'ask': 80.3, 'volume': 2, 'bid': 78.35, 'expiration': 1513296000, 'lastPrice': 67.13, 'contractSymbol': 'TSLA171215C00260000', 'percentChange': 0.0, 'change': 0.0, 'openInterest': 198, 'inTheMoney': True, 'strike': 260.0, 'contractSize': 'REGULAR', 'impliedVolatility': 1.7578137109375}
265.0	2017-12-15	call	TSLA171215C00265000	58.52	73.15	75.3	0.0	0.0	1.0	95.0	1.5507834960937497	TSLA	False	TSLA	339.03	2017-12-13 21:00:00	2017-12-11 15:33:49	{'lastTradeDate': 1513006429, 'currency': 'USD', 'ask': 75.3, 'volume': 1, 'bid': 73.15, 'expiration': 1513296000, 'lastPrice': 58.52, 'contractSymbol': 'TSLA171215C00265000', 'percentChange': 0.0, 'change': 0.0, 'openInterest': 95, 'inTheMoney': True, 'strike': 265.0, 'contractSize': 'REGULAR', 'impliedVolatility': 1.5507834960937497}
270.0	2017-12-15	call	TSLA171215C00270000	72.0	68.25	70.25	3.050003	4.4235	2.0	227.0	1.47265888671875	TSLA	False	TSLA	339.03	2017-12-13 21:00:00	2017-12-13 15:28:39	{'lastTradeDate': 1513178919, 'currency': 'USD', 'ask': 70.25, 'volume': 2, 'bid': 68.25, 'expiration': 1513296000, 'lastPrice': 72.0, 'contractSymbol': 'TSLA171215C00270000', 'percentChange': 4.4235, 'change': 3.050003, 'openInterest': 227, 'inTheMoney': True, 'strike': 270.0, 'contractSize': 'REGULAR', 'impliedVolatility': 1.47265888671875}
275.0	2017-12-15	call	TSLA171215C00275000	51.5	63.15	65.25	0.0	0.0	19.0	69.0	1.3183627832031248	TSLA	False	TSLA	339.03	2017-12-13 21:00:00	2017-12-11 17:22:52	{'lastTradeDate': 1513012972, 'currency': 'USD', 'ask': 65.25, 'volume': 19, 'bid': 63.15, 'expiration': 1513296000, 'lastPrice': 51.5, 'contractSymbol': 'TSLA171215C00275000', 'percentChange': 0.0, 'change': 0.0, 'openInterest': 69, 'inTheMoney': True, 'strike': 275.0, 'contractSize': 'REGULAR', 'impliedVolatility': 1.3183627832031248}
280.0	2017-12-15	call	TSLA171215C00280000	61.0	58.5	59.7	0.0	0.0	18.0	165.0	1.08203583984375	TSLA	False	TSLA	339.03	2017-12-13 21:00:00	2017-12-12 20:52:37	{'lastTradeDate': 1513111957, 'currency': 'USD', 'ask': 59.7, 'volume': 18, 'bid': 58.5, 'expiration': 1513296000, 'lastPrice': 61.0, 'contractSymbol': 'TSLA171215C00280000', 'percentChange': 0.0, 'change': 0.0, 'openInterest': 165, 'inTheMoney': True, 'strike': 280.0, 'contractSize': 'REGULAR', 'impliedVolatility': 1.08203583984375}
282.5	2017-12-15	call	TSLA171215C00282500	48.2	55.65	57.8	0.0	0.0	1.0	20.0	1.193363408203125	TSLA	False	TSLA	339.03	2017-12-13 21:00:00	2017-12-12 14:30:08	{'lastTradeDate': 1513089008, 'currency': 'USD', 'ask': 57.8, 'volume': 1, 'bid': 55.65, 'expiration': 1513296000, 'lastPrice': 48.2, 'contractSymbol': 'TSLA171215C00282500', 'percentChange': 0.0, 'change': 0.0, 'openInterest': 20, 'inTheMoney': True, 'strike': 282.5, 'contractSize': 'REGULAR', 'impliedVolatility': 1.193363408203125}
285.0	2017-12-15	call	TSLA171215C00285000	51.5	53.15	55.2	0.0	0.0	24.0	183.0	1.09375453125	TSLA	False	TSLA	339.03	2017-12-13 21:00:00	2017-12-12 18:44:36	{'lastTradeDate': 1513104276, 'currency': 'USD', 'ask': 55.2, 'volume': 24, 'bid': 53.15, 'expiration': 1513296000, 'lastPrice': 51.5, 'contractSymbol': 'TSLA171215C00285000', 'percentChange': 0.0, 'change': 0.0, 'openInterest': 183, 'inTheMoney': True, 'strike': 285.0, 'contractSize': 'REGULAR', 'impliedVolatility': 1.09375453125}
287.5	2017-12-15	call	TSLA171215C00287500	28.8	29.25	31.2	0.0	0.0	1.0	1.0	1.0000000000000003e-05	TSLA	False	TSLA	339.03	2017-12-13 21:00:00	2017-11-24 17:58:47	{'lastTradeDate': 1511546327, 'currency': 'USD', 'ask': 31.2, 'volume': 1, 'bid': 29.25, 'expiration': 1513296000, 'lastPrice': 28.8, 'contractSymbol': 'TSLA171215C00287500', 'percentChange': 0.0, 'change': 0.0, 'openInterest': 1, 'inTheMoney': True, 'strike': 287.5, 'contractSize': 'REGULAR', 'impliedVolatility': 1.0000000000000003e-05}
290.0	2017-12-15	call	TSLA171215C00290000	48.36	48.5	50.25	0.0	0.0	13.0	281.0	1.1484417578125	TSLA	False	TSLA	339.03	2017-12-13 21:00:00	2017-12-12 20:05:25	{'lastTradeDate': 1513109125, 'currency': 'USD', 'ask': 50.25, 'volume': 13, 'bid': 48.5, 'expiration': 1513296000, 'lastPrice': 48.36, 'contractSymbol': 'TSLA171215C00290000', 'percentChange': 0.0, 'change': 0.0, 'openInterest': 281, 'inTheMoney': True, 'strike': 290.0, 'contractSize': 'REGULAR', 'impliedVolatility': 1.1484417578125}
292.5	2017-12-15	call	TSLA171215C00292500	21.4	22.6	24.2	-1.2000008	-5.3097377	2.0	60.0	1.0000000000000003e-05	TSLA	False	TSLA	339.03	2017-12-13 21:00:00	2017-12-08 19:01:44	{'lastTradeDate': 1512759704, 'currency': 'USD', 'ask': 24.2, 'volume': 2, 'bid': 22.6, 'expiration': 1513296000, 'lastPrice': 21.4, 'contractSymbol': 'TSLA171215C00292500', 'percentChange': -5.3097377, 'change': -1.2000008, 'openInterest': 60, 'inTheMoney': True, 'strike': 292.5, 'contractSize': 'REGULAR', 'impliedVolatility': 1.0000000000000003e-05}
295.0	2017-12-15	call	TSLA171215C00295000	45.0	43.45	45.25	2.6399994	6.232293	6.0	304.0	1.0283251708984378	TSLA	False	TSLA	339.03	2017-12-13 21:00:00	2017-12-13 20:16:40	{'lastTradeDate': 1513196200, 'currency': 'USD', 'ask': 45.25, 'volume': 6, 'bid': 43.45, 'expiration': 1513296000, 'lastPrice': 45.0, 'contractSymbol': 'TSLA171215C00295000', 'percentChange': 6.232293, 'change': 2.6399994, 'openInterest': 304, 'inTheMoney': True, 'strike': 295.0, 'contractSize': 'REGULAR', 'impliedVolatility': 1.0283251708984378}
297.5	2017-12-15	call	TSLA171215C00297500	40.07	40.65	42.75	0.0	0.0	6.0	127.0	0.87695435546875	TSLA	False	TSLA	339.03	2017-12-13 21:00:00	2017-12-12 16:25:14	{'lastTradeDate': 1513095914, 'currency': 'USD', 'ask': 42.75, 'volume': 6, 'bid': 40.65, 'expiration': 1513296000, 'lastPrice': 40.07, 'contractSymbol': 'TSLA171215C00297500', 'percentChange': 0.0, 'change': 0.0, 'openInterest': 127, 'inTheMoney': True, 'strike': 297.5, 'contractSize': 'REGULAR', 'impliedVolatility': 0.87695435546875}
300.0	2017-12-15	call	TSLA171215C00300000	41.0	38.6	40.25	-0.099998474	-0.2433053	55.0	1246.0	0.9609378906249999	TSLA	False	TSLA	339.03	2017-12-13 21:00:00	2017-12-13 19:28:56	{'lastTradeDate': 1513193336, 'currency': 'USD', 'ask': 40.25, 'volume': 55, 'bid': 38.6, 'expiration': 1513296000, 'lastPrice': 41.0, 'contractSymbol': 'TSLA171215C00300000', 'percentChange': -0.2433053, 'change': -0.099998474, 'openInterest': 1246, 'inTheMoney': True, 'strike': 300.0, 'contractSize': 'REGULAR', 'impliedVolatility': 0.9609378906249999}
302.5	2017-12-15	call	TSLA171215C00302500	38.67	36.05	37.75	5.859997	17.860397	12.0	201.0	0.8955088574218748	TSLA	False	TSLA	339.03	2017-12-13 21:00:00	2017-12-13 19:32:05	{'lastTradeDate': 1513193525, 'currency': 'USD', 'ask': 37.75, 'volume': 12, 'bid': 36.05, 'expiration': 1513296000, 'lastPrice': 38.67, 'contractSymbol': 'TSLA171215C00302500', 'percentChange': 17.860397, 'change': 5.859997, 'openInterest': 201, 'inTheMoney': True, 'strike': 302.5, 'contractSize': 'REGULAR', 'impliedVolatility': 0.8955088574218748}
305.0	2017-12-15	call	TSLA171215C00305000	34.0	33.45	35.25	-1.9300003	-5.3715563	34.0	722.0	0.8193377441406249	TSLA	False	TSLA	339.03	2017-12-13 21:00:00	2017-12-13 20:57:23	{'lastTradeDate': 1513198643, 'currency': 'USD', 'ask': 35.25, 'volume': 34, 'bid': 33.45, 'expiration': 1513296000, 'lastPrice': 34.0, 'contractSymbol': 'TSLA171215C00305000', 'percentChange': -5.3715563, 'change': -1.9300003, 'openInterest': 722, 'inTheMoney': True, 'strike': 305.0, 'contractSize': 'REGULAR', 'impliedVolatility': 0.8193377441406249}
307.5	2017-12-15	call	TSLA171215C00307500	31.8	31.05	32.75	-1.6100006	-4.818918	15.0	546.0	0.789064609375	TSLA	False	TSLA	339.03	2017-12-13 21:00:00	2017-12-13 18:48:07	{'lastTradeDate': 1513190887, 'currency': 'USD', 'ask': 32.75, 'volume': 15, 'bid': 31.05, 'expiration': 1513296000, 'lastPrice': 31.8, 'contractSymbol': 'TSLA171215C00307500', 'percentChange': -4.818918, 'change': -1.6100006, 'openInterest': 546, 'inTheMoney': True, 'strike': 307.5, 'contractSize': 'REGULAR', 'impliedVolatility': 0.789064609375}
310.0	2017-12-15	call	TSLA171215C00310000	29.25	28.55	30.2	-1.9599991	-6.2800355	173.0	2706.0	0.725588681640625	TSLA	False	TSLA	339.03	2017-12-13 21:00:00	2017-12-13 20:59:24	{'lastTradeDate': 1513198764, 'currency': 'USD', 'ask': 30.2, 'volume': 173, 'bid': 28.55, 'expiration': 1513296000, 'lastPrice': 29.25, 'contractSymbol': 'TSLA171215C00310000', 'percentChange': -6.2800355, 'change': -1.9599991, 'openInterest': 2706, 'inTheMoney': True, 'strike': 310.0, 'contractSize': 'REGULAR', 'impliedVolatility': 0.725588681640625}
312.5	2017-12-15	call	TSLA171215C00312500	28.15	26.15	27.75	-1.1000004	-3.760685	39.0	689.0	0.7006865869140625	TSLA	False	TSLA	339.03	2017-12-13 21:00:00	2017-12-13 19:29:34	{'lastTradeDate': 1513193374, 'currency': 'USD', 'ask': 27.75, 'volume': 39, 'bid': 26.15, 'expiration': 1513296000, 'lastPrice': 28.15, 'contractSymbol': 'TSLA171215C00312500', 'percentChange': -3.760685, 'change': -1.1000004, 'openInterest': 689, 'inTheMoney': True, 'strike': 312.5, 'contractSize': 'REGULAR', 'impliedVolatility': 0.7006865869140625}
315.0	2017-12-15	call	TSLA171215C00315000	24.64	23.5	24.45	-1.4200001	-5.448964	139.0	3339.0	0.6459996337890624	TSLA	False	TSLA	339.03	2017-12-13 21:00:00	2017-12-13 20:53:55	{'lastTradeDate': 1513198435, 'currency': 'USD', 'ask': 24.45, 'volume': 139, 'bid': 23.5, 'expiration': 1513296000, 'lastPrice': 24.64, 'contractSymbol': 'TSLA171215C00315000', 'percentChange': -5.448964, 'change': -1.4200001, 'openInterest': 3339, 'inTheMoney': True, 'strike': 315.0, 'contractSize': 'REGULAR', 'impliedVolatility': 0.6459996337890624}
317.5	2017-12-15	call	TSLA171215C00317500	22.35	21.1	22.8	-1.1499996	-4.8936152	141.0	799.0	0.5908244042968751	TSLA	False	TSLA	339.03	2017-12-13 21:00:00	2017-12-13 20:26:38	{'lastTradeDate': 1513196798, 'currency': 'USD', 'ask': 22.8, 'volume': 141, 'bid': 21.1, 'expiration': 1513296000, 'lastPrice': 22.35, 'contractSymbol': 'TSLA171215C00317500', 'percentChange': -4.8936152, 'change': -1.1499996, 'openInterest': 799, 'inTheMoney': True, 'strike': 317.5, 'contractSize': 'REGULAR', 'impliedVolatility': 0.5908244042968751}
320.0	2017-12-15	call	TSLA171215C00320000	19.41	18.75	20.0	-1.4300003	-6.861806	376.0	3936.0	0.5117236328125	TSLA	False	TSLA	339.03	2017-12-13 21:00:00	2017-12-13 20:59:48	{'lastTradeDate': 1513198788, 'currency': 'USD', 'ask': 20.0, 'volume': 376, 'bid': 18.75, 'expiration': 1513296000, 'lastPrice': 19.41, 'contractSymbol': 'TSLA171215C00320000', 'percentChange': -6.861806, 'change': -1.4300003, 'openInterest': 3936, 'inTheMoney': True, 'strike': 320.0, 'contractSize': 'REGULAR', 'impliedVolatility': 0.5117236328125}
322.5	2017-12-15	call	TSLA171215C00322500	17.87	16.25	17.8	-1.3799992	-7.1688266	209.0	1360.0	0.6569858520507813	TSLA	False	TSLA	339.03	2017-12-13 21:00:00	2017-12-13 20:26:02	{'lastTradeDate': 1513196762, 'currency': 'USD', 'ask': 17.8, 'volume': 209, 'bid': 16.25, 'expiration': 1513296000, 'lastPrice': 17.87, 'contractSymbol': 'TSLA171215C00322500', 'percentChange': -7.1688266, 'change': -1.3799992, 'openInterest': 1360, 'inTheMoney': True, 'strike': 322.5, 'contractSize': 'REGULAR', 'impliedVolatility': 0.6569858520507813}
325.0	2017-12-15	call	TSLA171215C00325000	14.32	13.8	14.5	-2.1800003	-13.212124	801.0	3763.0	0.43408769042968753	TSLA	False	TSLA	339.03	2017-12-13 21:00:00	2017-12-13 20:58:05	{'lastTradeDate': 1513198685, 'currency': 'USD', 'ask': 14.5, 'volume': 801, 'bid': 13.8, 'expiration': 1513296000, 'lastPrice': 14.32, 'contractSymbol': 'TSLA171215C00325000', 'percentChange': -13.212124, 'change': -2.1800003, 'openInterest': 3763, 'inTheMoney': True, 'strike': 325.0, 'contractSize': 'REGULAR', 'impliedVolatility': 0.43408769042968753}
327.5	2017-12-15	call	TSLA171215C00327500	12.36	11.4	12.3	-1.6700001	-11.903066	554.0	1306.0	0.43408769042968753	TSLA	False	TSLA	339.03	2017-12-13 21:00:00	2017-12-13 20:53:55	{'lastTradeDate': 1513198435, 'currency': 'USD', 'ask': 12.3, 'volume': 554, 'bid': 11.4, 'expiration': 1513296000, 'lastPrice': 12.36, 'contractSymbol': 'TSLA171215C00327500', 'percentChange': -11.903066, 'change': -1.6700001, 'openInterest': 1306, 'inTheMoney': True, 'strike': 327.5, 'contractSize': 'REGULAR', 'impliedVolatility': 0.43408769042968753}
330.0	2017-12-15	call	TSLA171215C00330000	9.55	9.1	9.65	-2.25	-19.067795	1238.0	4965.0	0.34180345703125	TSLA	False	TSLA	339.03	2017-12-13 21:00:00	2017-12-13 20:59:32	{'lastTradeDate': 1513198772, 'currency': 'USD', 'ask': 9.65, 'volume': 1238, 'bid': 9.1, 'expiration': 1513296000, 'lastPrice': 9.55, 'contractSymbol': 'TSLA171215C00330000', 'percentChange': -19.067795, 'change': -2.25, 'openInterest': 4965, 'inTheMoney': True, 'strike': 330.0, 'contractSize': 'REGULAR', 'impliedVolatility': 0.34180345703125}
332.5	2017-12-15	call	TSLA171215C00332500	7.6	7.05	7.8	-2.2500005	-22.842644	1401.0	1675.0	0.367193828125	TSLA	False	TSLA	339.03	2017-12-13 21:00:00	2017-12-13 20:54:49	{'lastTradeDate': 1513198489, 'currency': 'USD', 'ask': 7.8, 'volume': 1401, 'bid': 7.05, 'expiration': 1513296000, 'lastPrice': 7.6, 'contractSymbol': 'TSLA171215C00332500', 'percentChange': -22.842644, 'change': -2.2500005, 'openInterest': 1675, 'inTheMoney': True, 'strike': 332.5, 'contractSize': 'REGULAR', 'impliedVolatility': 0.367193828125}
335.0	2017-12-15	call	TSLA171215C00335000	5.5	5.25	5.95	-2.3000002	-29.48718	2352.0	2911.0	0.35962554443359374	TSLA	False	TSLA	339.03	2017-12-13 21:00:00	2017-12-13 20:59:30	{'lastTradeDate': 1513198770, 'currency': 'USD', 'ask': 5.95, 'volume': 2352, 'bid': 5.25, 'expiration': 1513296000, 'lastPrice': 5.5, 'contractSymbol': 'TSLA171215C00335000', 'percentChange': -29.48718, 'change': -2.3000002, 'openInterest': 2911, 'inTheMoney': True, 'strike': 335.0, 'contractSize': 'REGULAR', 'impliedVolatility': 0.35962554443359374}
337.5	2017-12-15	call	TSLA171215C00337500	3.91	3.7	4.15	-2.2899997	-36.935482	1307.0	1356.0	0.3332586206054688	TSLA	False	TSLA	339.03	2017-12-13 21:00:00	2017-12-13 20:58:17	{'lastTradeDate': 1513198697, 'currency': 'USD', 'ask': 4.15, 'volume': 1307, 'bid': 3.7, 'expiration': 1513296000, 'lastPrice': 3.91, 'contractSymbol': 'TSLA171215C00337500', 'percentChange': -36.935482, 'change': -2.2899997, 'openInterest': 1356, 'inTheMoney': True, 'strike': 337.5, 'contractSize': 'REGULAR', 'impliedVolatility': 0.3332586206054688}
340.0	2017-12-15	call	TSLA171215C00340000	2.64	2.55	2.78	-2.0599997	-43.829784	6186.0	5203.0	0.3232489550781249	TSLA	False	TSLA	339.03	2017-12-13 21:00:00	2017-12-13 20:59:49	{'lastTradeDate': 1513198789, 'currency': 'USD', 'ask': 2.78, 'volume': 6186, 'bid': 2.55, 'expiration': 1513296000, 'lastPrice': 2.64, 'contractSymbol': 'TSLA171215C00340000', 'percentChange': -43.829784, 'change': -2.0599997, 'openInterest': 5203, 'inTheMoney': False, 'strike': 340.0, 'contractSize': 'REGULAR', 'impliedVolatility': 0.3232489550781249}
342.5	2017-12-15	call	TSLA171215C00342500	1.67	1.54	1.74	-1.9800001	-54.246582	2961.0	2485.0	0.31592480957031244	TSLA	False	TSLA	339.03	2017-12-13 21:00:00	2017-12-13 20:59:56	{'lastTradeDate': 1513198796, 'currency': 'USD', 'ask': 1.74, 'volume': 2961, 'bid': 1.54, 'expiration': 1513296000, 'lastPrice': 1.67, 'contractSymbol': 'TSLA171215C00342500', 'percentChange': -54.246582, 'change': -1.9800001, 'openInterest': 2485, 'inTheMoney': False, 'strike': 342.5, 'contractSize': 'REGULAR', 'impliedVolatility': 0.31592480957031244}
345.0	2017-12-15	call	TSLA171215C00345000	1.05	1.02	1.12	-1.5	-58.823532	8308.0	3778.0	0.3242255078124999	TSLA	False	TSLA	339.03	2017-12-13 21:00:00	2017-12-13 20:59:57	{'lastTradeDate': 1513198797, 'currency': 'USD', 'ask': 1.12, 'volume': 8308, 'bid': 1.02, 'expiration': 1513296000, 'lastPrice': 1.05, 'contractSymbol': 'TSLA171215C00345000', 'percentChange': -58.823532, 'change': -1.5, 'openInterest': 3778, 'inTheMoney': False, 'strike': 345.0, 'contractSize': 'REGULAR', 'impliedVolatility': 0.3242255078124999}
347.5	2017-12-15	call	TSLA171215C00347500	0.66	0.64	0.76	-1.1099999	-62.71186	2379.0	947.0	0.34204759521484374	TSLA	False	TSLA	339.03	2017-12-13 21:00:00	2017-12-13 20:59:30	{'lastTradeDate': 1513198770, 'currency': 'USD', 'ask': 0.76, 'volume': 2379, 'bid': 0.64, 'expiration': 1513296000, 'lastPrice': 0.66, 'contractSymbol': 'TSLA171215C00347500', 'percentChange': -62.71186, 'change': -1.1099999, 'openInterest': 947, 'inTheMoney': False, 'strike': 347.5, 'contractSize': 'REGULAR', 'impliedVolatility': 0.34204759521484374}
350.0	2017-12-15	call	TSLA171215C00350000	0.4	0.4	0.46	-0.84000003	-67.741936	8493.0	5356.0	0.34766277343749996	TSLA	False	TSLA	339.03	2017-12-13 21:00:00	2017-12-13 20:59:51	{'lastTradeDate': 1513198791, 'currency': 'USD', 'ask': 0.46, 'volume': 8493, 'bid': 0.4, 'expiration': 1513296000, 'lastPrice': 0.4, 'contractSymbol': 'TSLA171215C00350000', 'percentChange': -67.741936, 'change': -0.84000003, 'openInterest': 5356, 'inTheMoney': False, 'strike': 350.0, 'contractSize': 'REGULAR', 'impliedVolatility': 0.34766277343749996}
352.5	2017-12-15	call	TSLA171215C00352500	0.32	0.23	0.33	-0.57	-64.044945	1119.0	877.0	0.370123486328125	TSLA	False	TSLA	339.03	2017-12-13 21:00:00	2017-12-13 20:54:57	{'lastTradeDate': 1513198497, 'currency': 'USD', 'ask': 0.33, 'volume': 1119, 'bid': 0.23, 'expiration': 1513296000, 'lastPrice': 0.32, 'contractSymbol': 'TSLA171215C00352500', 'percentChange': -64.044945, 'change': -0.57, 'openInterest': 877, 'inTheMoney': False, 'strike': 352.5, 'contractSize': 'REGULAR', 'impliedVolatility': 0.370123486328125}
355.0	2017-12-15	call	TSLA171215C00355000	0.2	0.14	0.24	-0.40000004	-66.66667	1320.0	2775.0	0.39160764648437496	TSLA	False	TSLA	339.03	2017-12-13 21:00:00	2017-12-13 20:59:35	{'lastTradeDate': 1513198775, 'currency': 'USD', 'ask': 0.24, 'volume': 1320, 'bid': 0.14, 'expiration': 1513296000, 'lastPrice': 0.2, 'contractSymbol': 'TSLA171215C00355000', 'percentChange': -66.66667, 'change': -0.40000004, 'openInterest': 2775, 'inTheMoney': False, 'strike': 355.0, 'contractSize': 'REGULAR', 'impliedVolatility': 0.39160764648437496}
357.5	2017-12-15	call	TSLA171215C00357500	0.2	0.12	0.23	0.0	0.0	808.0	172.0	0.4335994140625	TSLA	False	TSLA	339.03	2017-12-13 21:00:00	2017-12-14 00:20:35	{'lastTradeDate': 1513210835, 'currency': 'USD', 'ask': 0.23, 'volume': 808, 'bid': 0.12, 'expiration': 1513296000, 'lastPrice': 0.2, 'contractSymbol': 'TSLA171215C00357500', 'percentChange': 0.0, 'change': 0.0, 'openInterest': 172, 'inTheMoney': False, 'strike': 357.5, 'contractSize': 'REGULAR', 'impliedVolatility': 0.4335994140625}
360.0	2017-12-15	call	TSLA171215C00360000	0.1	0.08	0.17	-0.27	-72.97298	898.0	2417.0	0.45215391601562505	TSLA	False	TSLA	339.03	2017-12-13 21:00:00	2017-12-13 20:59:28	{'lastTradeDate': 1513198768, 'currency': 'USD', 'ask': 0.17, 'volume': 898, 'bid': 0.08, 'expiration': 1513296000, 'lastPrice': 0.1, 'contractSymbol': 'TSLA171215C00360000', 'percentChange': -72.97298, 'change': -0.27, 'openInterest': 2417, 'inTheMoney': False, 'strike': 360.0, 'contractSize': 'REGULAR', 'impliedVolatility': 0.45215391601562505}
362.5	2017-12-15	call	TSLA171215C00362500	0.07	0.03	0.17	0.0	0.0	354.0	581.0	0.49414568359375005	TSLA	False	TSLA	339.03	2017-12-13 21:00:00	2017-12-14 00:20:35	{'lastTradeDate': 1513210835, 'currency': 'USD', 'ask': 0.17, 'volume': 354, 'bid': 0.03, 'expiration': 1513296000, 'lastPrice': 0.07, 'contractSymbol': 'TSLA171215C00362500', 'percentChange': 0.0, 'change': 0.0, 'openInterest': 581, 'inTheMoney': False, 'strike': 362.5, 'contractSize': 'REGULAR', 'impliedVolatility': 0.49414568359375005}
365.0	2017-12-15	call	TSLA171215C00365000	0.09	0.05	0.1	-0.13	-59.090908	354.0	926.0	0.49121602539062503	TSLA	False	TSLA	339.03	2017-12-13 21:00:00	2017-12-13 20:51:57	{'lastTradeDate': 1513198317, 'currency': 'USD', 'ask': 0.1, 'volume': 354, 'bid': 0.05, 'expiration': 1513296000, 'lastPrice': 0.09, 'contractSymbol': 'TSLA171215C00365000', 'percentChange': -59.090908, 'change': -0.13, 'openInterest': 926, 'inTheMoney': False, 'strike': 365.0, 'contractSize': 'REGULAR', 'impliedVolatility': 0.49121602539062503}
367.5	2017-12-15	call	TSLA171215C00367500	0.08	0.03	0.13	0.0	0.0	15.0	0.0	0.5117236328125	TSLA	False	TSLA	339.03	2017-12-13 21:00:00	2017-12-14 00:20:35	{'lastTradeDate': 1513210835, 'currency': 'USD', 'ask': 0.13, 'volume': 15, 'bid': 0.03, 'expiration': 1513296000, 'lastPrice': 0.08, 'contractSymbol': 'TSLA171215C00367500', 'percentChange': 0.0, 'change': 0.0, 'openInterest': 0, 'inTheMoney': False, 'strike': 367.5, 'contractSize': 'REGULAR', 'impliedVolatility': 0.5117236328125}
370.0	2017-12-15	call	TSLA171215C00370000	0.06	0.01	0.15	-0.08	-57.142853	74.0	1999.0	0.5488326367187502	TSLA	False	TSLA	339.03	2017-12-13 21:00:00	2017-12-13 19:53:12	{'lastTradeDate': 1513194792, 'currency': 'USD', 'ask': 0.15, 'volume': 74, 'bid': 0.01, 'expiration': 1513296000, 'lastPrice': 0.06, 'contractSymbol': 'TSLA171215C00370000', 'percentChange': -57.142853, 'change': -0.08, 'openInterest': 1999, 'inTheMoney': False, 'strike': 370.0, 'contractSize': 'REGULAR', 'impliedVolatility': 0.5488326367187502}
375.0	2017-12-15	call	TSLA171215C00375000	0.05	0.03	0.1	-0.06	-54.545456	140.0	3348.0	0.6015664843750002	TSLA	False	TSLA	339.03	2017-12-13 21:00:00	2017-12-13 20:03:19	{'lastTradeDate': 1513195399, 'currency': 'USD', 'ask': 0.1, 'volume': 140, 'bid': 0.03, 'expiration': 1513296000, 'lastPrice': 0.05, 'contractSymbol': 'TSLA171215C00375000', 'percentChange': -54.545456, 'change': -0.06, 'openInterest': 3348, 'inTheMoney': False, 'strike': 375.0, 'contractSize': 'REGULAR', 'impliedVolatility': 0.6015664843750002}
380.0	2017-12-15	call	TSLA171215C00380000	0.04	0.01	0.05	0.01	33.333336	65.0	1895.0	0.6093789062500001	TSLA	False	TSLA	339.03	2017-12-13 21:00:00	2017-12-13 20:42:44	{'lastTradeDate': 1513197764, 'currency': 'USD', 'ask': 0.05, 'volume': 65, 'bid': 0.01, 'expiration': 1513296000, 'lastPrice': 0.04, 'contractSymbol': 'TSLA171215C00380000', 'percentChange': 33.333336, 'change': 0.01, 'openInterest': 1895, 'inTheMoney': False, 'strike': 380.0, 'contractSize': 'REGULAR', 'impliedVolatility': 0.6093789062500001}
385.0	2017-12-15	call	TSLA171215C00385000	0.02	0.01	0.08	-0.06	-75.0	2.0	532.0	0.70312796875	TSLA	False	TSLA	339.03	2017-12-13 21:00:00	2017-12-13 15:08:33	{'lastTradeDate': 1513177713, 'currency': 'USD', 'ask': 0.08, 'volume': 2, 'bid': 0.01, 'expiration': 1513296000, 'lastPrice': 0.02, 'contractSymbol': 'TSLA171215C00385000', 'percentChange': -75.0, 'change': -0.06, 'openInterest': 532, 'inTheMoney': False, 'strike': 385.0, 'contractSize': 'REGULAR', 'impliedVolatility': 0.70312796875}
390.0	2017-12-15	call	TSLA171215C00390000	0.02	0.01	0.03	-0.01	-33.333336	40.0	783.0	0.70312796875	TSLA	False	TSLA	339.03	2017-12-13 21:00:00	2017-12-13 20:51:01	{'lastTradeDate': 1513198261, 'currency': 'USD', 'ask': 0.03, 'volume': 40, 'bid': 0.01, 'expiration': 1513296000, 'lastPrice': 0.02, 'contractSymbol': 'TSLA171215C00390000', 'percentChange': -33.333336, 'change': -0.01, 'openInterest': 783, 'inTheMoney': False, 'strike': 390.0, 'contractSize': 'REGULAR', 'impliedVolatility': 0.70312796875}
395.0	2017-12-15	call	TSLA171215C00395000	0.02	0.0	0.11	-0.02	-50.0	6.0	465.0	0.8457046679687499	TSLA	False	TSLA	339.03	2017-12-13 21:00:00	2017-12-13 19:59:43	{'lastTradeDate': 1513195183, 'currency': 'USD', 'ask': 0.11, 'volume': 6, 'bid': 0.0, 'expiration': 1513296000, 'lastPrice': 0.02, 'contractSymbol': 'TSLA171215C00395000', 'percentChange': -50.0, 'change': -0.02, 'openInterest': 465, 'inTheMoney': False, 'strike': 395.0, 'contractSize': 'REGULAR', 'impliedVolatility': 0.8457046679687499}
400.0	2017-12-15	call	TSLA171215C00400000	0.02	0.01	0.05	-0.01	-33.333336	22.0	2682.0	0.8476577734374999	TSLA	False	TSLA	339.03	2017-12-13 21:00:00	2017-12-13 20:57:05	{'lastTradeDate': 1513198625, 'currency': 'USD', 'ask': 0.05, 'volume': 22, 'bid': 0.01, 'expiration': 1513296000, 'lastPrice': 0.02, 'contractSymbol': 'TSLA171215C00400000', 'percentChange': -33.333336, 'change': -0.01, 'openInterest': 2682, 'inTheMoney': False, 'strike': 400.0, 'contractSize': 'REGULAR', 'impliedVolatility': 0.8476577734374999}
405.0	2017-12-15	call	TSLA171215C00405000	0.02	0.0	0.02	-0.01	-33.333336	3.0	222.0	0.8125018749999999	TSLA	False	TSLA	339.03	2017-12-13 21:00:00	2017-12-13 19:59:45	{'lastTradeDate': 1513195185, 'currency': 'USD', 'ask': 0.02, 'volume': 3, 'bid': 0.0, 'expiration': 1513296000, 'lastPrice': 0.02, 'contractSymbol': 'TSLA171215C00405000', 'percentChange': -33.333336, 'change': -0.01, 'openInterest': 222, 'inTheMoney': False, 'strike': 405.0, 'contractSize': 'REGULAR', 'impliedVolatility': 0.8125018749999999}
410.0	2017-12-15	call	TSLA171215C00410000	0.01	0.0	0.02	-0.01	-50.0	13.0	711.0	0.85937640625	TSLA	False	TSLA	339.03	2017-12-13 21:00:00	2017-12-13 15:40:44	{'lastTradeDate': 1513179644, 'currency': 'USD', 'ask': 0.02, 'volume': 13, 'bid': 0.0, 'expiration': 1513296000, 'lastPrice': 0.01, 'contractSymbol': 'TSLA171215C00410000', 'percentChange': -50.0, 'change': -0.01, 'openInterest': 711, 'inTheMoney': False, 'strike': 410.0, 'contractSize': 'REGULAR', 'impliedVolatility': 0.85937640625}
415.0	2017-12-15	call	TSLA171215C00415000	0.02	0.0	0.02	-0.01	-33.333336	1.0	241.0	0.9062509375	TSLA	False	TSLA	339.03	2017-12-13 21:00:00	2017-12-06 18:50:44	{'lastTradeDate': 1512586244, 'currency': 'USD', 'ask': 0.02, 'volume': 1, 'bid': 0.0, 'expiration': 1513296000, 'lastPrice': 0.02, 'contractSymbol': 'TSLA171215C00415000', 'percentChange': -33.333336, 'change': -0.01, 'openInterest': 241, 'inTheMoney': False, 'strike': 415.0, 'contractSize': 'REGULAR', 'impliedVolatility': 0.9062509375}
420.0	2017-12-15	call	TSLA171215C00420000	0.02	0.0	0.13	-0.01	-33.333336	2.0	2120.0	1.15625421875	TSLA	False	TSLA	339.03	2017-12-13 21:00:00	2017-12-13 20:55:52	{'lastTradeDate': 1513198552, 'currency': 'USD', 'ask': 0.13, 'volume': 2, 'bid': 0.0, 'expiration': 1513296000, 'lastPrice': 0.02, 'contractSymbol': 'TSLA171215C00420000', 'percentChange': -33.333336, 'change': -0.01, 'openInterest': 2120, 'inTheMoney': False, 'strike': 420.0, 'contractSize': 'REGULAR', 'impliedVolatility': 1.15625421875}
425.0	2017-12-15	call	TSLA171215C00425000	0.02	0.0	0.02	-0.01	-33.333336	3.0	179.0	1.015629921875	TSLA	False	TSLA	339.03	2017-12-13 21:00:00	2017-12-07 17:31:49	{'lastTradeDate': 1512667909, 'currency': 'USD', 'ask': 0.02, 'volume': 3, 'bid': 0.0, 'expiration': 1513296000, 'lastPrice': 0.02, 'contractSymbol': 'TSLA171215C00425000', 'percentChange': -33.333336, 'change': -0.01, 'openInterest': 179, 'inTheMoney': False, 'strike': 425.0, 'contractSize': 'REGULAR', 'impliedVolatility': 1.015629921875}
430.0	2017-12-15	call	TSLA171215C00430000	0.03	0.0	0.07	0.0	0.0	5.0	471.0	1.1875040625	TSLA	False	TSLA	339.03	2017-12-13 21:00:00	2017-12-12 14:41:47	{'lastTradeDate': 1513089707, 'currency': 'USD', 'ask': 0.07, 'volume': 5, 'bid': 0.0, 'expiration': 1513296000, 'lastPrice': 0.03, 'contractSymbol': 'TSLA171215C00430000', 'percentChange': 0.0, 'change': 0.0, 'openInterest': 471, 'inTheMoney': False, 'strike': 430.0, 'contractSize': 'REGULAR', 'impliedVolatility': 1.1875040625}
435.0	2017-12-15	call	TSLA171215C00435000	0.02	0.0	0.03	0.0	0.0	3.0	155.0	1.140629296875	TSLA	False	TSLA	339.03	2017-12-13 21:00:00	2017-12-07 17:31:49	{'lastTradeDate': 1512667909, 'currency': 'USD', 'ask': 0.03, 'volume': 3, 'bid': 0.0, 'expiration': 1513296000, 'lastPrice': 0.02, 'contractSymbol': 'TSLA171215C00435000', 'percentChange': 0.0, 'change': 0.0, 'openInterest': 155, 'inTheMoney': False, 'strike': 435.0, 'contractSize': 'REGULAR', 'impliedVolatility': 1.140629296875}
440.0	2017-12-15	call	TSLA171215C00440000	0.01	0.0	0.02	0.0	0.0	30.0	225.0	1.15625421875	TSLA	False	TSLA	339.03	2017-12-13 21:00:00	2017-12-12 20:50:58	{'lastTradeDate': 1513111858, 'currency': 'USD', 'ask': 0.02, 'volume': 30, 'bid': 0.0, 'expiration': 1513296000, 'lastPrice': 0.01, 'contractSymbol': 'TSLA171215C00440000', 'percentChange': 0.0, 'change': 0.0, 'openInterest': 225, 'inTheMoney': False, 'strike': 440.0, 'contractSize': 'REGULAR', 'impliedVolatility': 1.15625421875}
445.0	2017-12-15	call	TSLA171215C00445000	0.06	0.0	0.09	0.0	0.0	2.0	20.0	1.3750031249999999	TSLA	False	TSLA	339.03	2017-12-13 21:00:00	2017-11-06 18:02:40	{'lastTradeDate': 1509991360, 'currency': 'USD', 'ask': 0.09, 'volume': 2, 'bid': 0.0, 'expiration': 1513296000, 'lastPrice': 0.06, 'contractSymbol': 'TSLA171215C00445000', 'percentChange': 0.0, 'change': 0.0, 'openInterest': 20, 'inTheMoney': False, 'strike': 445.0, 'contractSize': 'REGULAR', 'impliedVolatility': 1.3750031249999999}
450.0	2017-12-15	call	TSLA171215C00450000	0.01	0.0	0.03	-0.01	-50.0	3.0	648.0	1.2812535937499998	TSLA	False	TSLA	339.03	2017-12-13 21:00:00	2017-12-13 17:20:22	{'lastTradeDate': 1513185622, 'currency': 'USD', 'ask': 0.03, 'volume': 3, 'bid': 0.0, 'expiration': 1513296000, 'lastPrice': 0.01, 'contractSymbol': 'TSLA171215C00450000', 'percentChange': -50.0, 'change': -0.01, 'openInterest': 648, 'inTheMoney': False, 'strike': 450.0, 'contractSize': 'REGULAR', 'impliedVolatility': 1.2812535937499998}
455.0	2017-12-15	call	TSLA171215C00455000	0.57	0.11	0.38	0.0	0.0	5.0	37.0	1.7949229003906249	TSLA	False	TSLA	339.03	2017-12-13 21:00:00	2017-10-24 14:11:44	{'lastTradeDate': 1508854304, 'currency': 'USD', 'ask': 0.38, 'volume': 5, 'bid': 0.11, 'expiration': 1513296000, 'lastPrice': 0.57, 'contractSymbol': 'TSLA171215C00455000', 'percentChange': 0.0, 'change': 0.0, 'openInterest': 37, 'inTheMoney': False, 'strike': 455.0, 'contractSize': 'REGULAR', 'impliedVolatility': 1.7949229003906249}
460.0	2017-12-15	call	TSLA171215C00460000	0.01	0.0	0.03	-2.04	-99.51219	8.0	285.0	1.3750031249999999	TSLA	False	TSLA	339.03	2017-12-13 21:00:00	2017-12-08 18:20:29	{'lastTradeDate': 1512757229, 'currency': 'USD', 'ask': 0.03, 'volume': 8, 'bid': 0.0, 'expiration': 1513296000, 'lastPrice': 0.01, 'contractSymbol': 'TSLA171215C00460000', 'percentChange': -99.51219, 'change': -2.04, 'openInterest': 285, 'inTheMoney': False, 'strike': 460.0, 'contractSize': 'REGULAR', 'impliedVolatility': 1.3750031249999999}
465.0	2017-12-15	call	TSLA171215C00465000	0.03	0.0	0.16	0.0	0.0	5.0	46.0	1.6640641796875002	TSLA	False	TSLA	339.03	2017-12-13 21:00:00	2017-11-21 18:37:33	{'lastTradeDate': 1511289453, 'currency': 'USD', 'ask': 0.16, 'volume': 5, 'bid': 0.0, 'expiration': 1513296000, 'lastPrice': 0.03, 'contractSymbol': 'TSLA171215C00465000', 'percentChange': 0.0, 'change': 0.0, 'openInterest': 46, 'inTheMoney': False, 'strike': 465.0, 'contractSize': 'REGULAR', 'impliedVolatility': 1.6640641796875002}
470.0	2017-12-15	call	TSLA171215C00470000	0.01	0.0	0.03	0.0	0.0	20.0	558.0	1.453127734375	TSLA	False	TSLA	339.03	2017-12-13 21:00:00	2017-12-12 16:11:10	{'lastTradeDate': 1513095070, 'currency': 'USD', 'ask': 0.03, 'volume': 20, 'bid': 0.0, 'expiration': 1513296000, 'lastPrice': 0.01, 'contractSymbol': 'TSLA171215C00470000', 'percentChange': 0.0, 'change': 0.0, 'openInterest': 558, 'inTheMoney': False, 'strike': 470.0, 'contractSize': 'REGULAR', 'impliedVolatility': 1.453127734375}
475.0	2017-12-15	call	TSLA171215C00475000	0.01	0.0	0.03	-0.049999997	-83.33333	1.0	45.0	1.5000025	TSLA	False	TSLA	339.03	2017-12-13 21:00:00	2017-11-27 15:19:55	{'lastTradeDate': 1511795995, 'currency': 'USD', 'ask': 0.03, 'volume': 1, 'bid': 0.0, 'expiration': 1513296000, 'lastPrice': 0.01, 'contractSymbol': 'TSLA171215C00475000', 'percentChange': -83.33333, 'change': -0.049999997, 'openInterest': 45, 'inTheMoney': False, 'strike': 475.0, 'contractSize': 'REGULAR', 'impliedVolatility': 1.5000025}
480.0	2017-12-15	call	TSLA171215C00480000	0.03	0.0	0.03	0.0	0.0	1.0	647.0	1.5468772656249998	TSLA	False	TSLA	339.03	2017-12-13 21:00:00	2017-11-21 19:41:22	{'lastTradeDate': 1511293282, 'currency': 'USD', 'ask': 0.03, 'volume': 1, 'bid': 0.0, 'expiration': 1513296000, 'lastPrice': 0.03, 'contractSymbol': 'TSLA171215C00480000', 'percentChange': 0.0, 'change': 0.0, 'openInterest': 647, 'inTheMoney': False, 'strike': 480.0, 'contractSize': 'REGULAR', 'impliedVolatility': 1.5468772656249998}
485.0	2017-12-15	call	TSLA171215C00485000	0.17	0.0	0.12	0.0	0.0	1.0	38.0	1.8007822460937497	TSLA	False	TSLA	339.03	2017-12-13 21:00:00	2017-10-31 19:49:51	{'lastTradeDate': 1509479391, 'currency': 'USD', 'ask': 0.12, 'volume': 1, 'bid': 0.0, 'expiration': 1513296000, 'lastPrice': 0.17, 'contractSymbol': 'TSLA171215C00485000', 'percentChange': 0.0, 'change': 0.0, 'openInterest': 38, 'inTheMoney': False, 'strike': 485.0, 'contractSize': 'REGULAR', 'impliedVolatility': 1.8007822460937497}
490.0	2017-12-15	call	TSLA171215C00490000	0.03	0.0	0.23	0.0	0.0	1.0	360.0	1.9804688476562502	TSLA	False	TSLA	339.03	2017-12-13 21:00:00	2017-11-08 14:30:53	{'lastTradeDate': 1510151453, 'currency': 'USD', 'ask': 0.23, 'volume': 1, 'bid': 0.0, 'expiration': 1513296000, 'lastPrice': 0.03, 'contractSymbol': 'TSLA171215C00490000', 'percentChange': 0.0, 'change': 0.0, 'openInterest': 360, 'inTheMoney': False, 'strike': 490.0, 'contractSize': 'REGULAR', 'impliedVolatility': 1.9804688476562502}
495.0	2017-12-15	call	TSLA171215C00495000	0.03	0.0	0.18	0.0	0.0	20.0	40.0	1.97265638671875	TSLA	False	TSLA	339.03	2017-12-13 21:00:00	2017-11-14 19:50:47	{'lastTradeDate': 1510689047, 'currency': 'USD', 'ask': 0.18, 'volume': 20, 'bid': 0.0, 'expiration': 1513296000, 'lastPrice': 0.03, 'contractSymbol': 'TSLA171215C00495000', 'percentChange': 0.0, 'change': 0.0, 'openInterest': 40, 'inTheMoney': False, 'strike': 495.0, 'contractSize': 'REGULAR', 'impliedVolatility': 1.97265638671875}
500.0	2017-12-15	call	TSLA171215C00500000	0.01	0.0	0.03	-0.01	-50.0	62.0	744.0	1.703126484375	TSLA	False	TSLA	339.03	2017-12-13 21:00:00	2017-11-27 20:59:50	{'lastTradeDate': 1511816390, 'currency': 'USD', 'ask': 0.03, 'volume': 62, 'bid': 0.0, 'expiration': 1513296000, 'lastPrice': 0.01, 'contractSymbol': 'TSLA171215C00500000', 'percentChange': -50.0, 'change': -0.01, 'openInterest': 744, 'inTheMoney': False, 'strike': 500.0, 'contractSize': 'REGULAR', 'impliedVolatility': 1.703126484375}
505.0	2017-12-15	call	TSLA171215C00505000	0.16	0.0	0.43	0.0	0.0	3.0	80.0	2.2832074169921874	TSLA	False	TSLA	339.03	2017-12-13 21:00:00	2017-10-19 13:54:11	{'lastTradeDate': 1508421251, 'currency': 'USD', 'ask': 0.43, 'volume': 3, 'bid': 0.0, 'expiration': 1513296000, 'lastPrice': 0.16, 'contractSymbol': 'TSLA171215C00505000', 'percentChange': 0.0, 'change': 0.0, 'openInterest': 80, 'inTheMoney': False, 'strike': 505.0, 'contractSize': 'REGULAR', 'impliedVolatility': 2.2832074169921874}
510.0	2017-12-15	call	TSLA171215C00510000	0.22	0.04	0.27	0.0	0.0	15.0	408.0	2.2421918945312496	TSLA	False	TSLA	339.03	2017-12-13 21:00:00	2017-10-19 19:34:10	{'lastTradeDate': 1508441650, 'currency': 'USD', 'ask': 0.27, 'volume': 15, 'bid': 0.04, 'expiration': 1513296000, 'lastPrice': 0.22, 'contractSymbol': 'TSLA171215C00510000', 'percentChange': 0.0, 'change': 0.0, 'openInterest': 408, 'inTheMoney': False, 'strike': 510.0, 'contractSize': 'REGULAR', 'impliedVolatility': 2.2421918945312496}
520.0	2017-12-15	call	TSLA171215C00520000	0.05	0.0	0.07	0.0	0.0	21.0	79.0	2.000005	TSLA	False	TSLA	339.03	2017-12-13 21:00:00	2017-11-02 14:24:43	{'lastTradeDate': 1509632683, 'currency': 'USD', 'ask': 0.07, 'volume': 21, 'bid': 0.0, 'expiration': 1513296000, 'lastPrice': 0.05, 'contractSymbol': 'TSLA171215C00520000', 'percentChange': 0.0, 'change': 0.0, 'openInterest': 79, 'inTheMoney': False, 'strike': 520.0, 'contractSize': 'REGULAR', 'impliedVolatility': 2.000005}
525.0	2017-12-15	call	TSLA171215C00525000	0.04	0.0	0.17	0.0	0.0	50.0	50.0	2.2265669335937495	TSLA	False	TSLA	339.03	2017-12-13 21:00:00	2017-11-18 04:50:02	{'lastTradeDate': 1510980602, 'currency': 'USD', 'ask': 0.17, 'volume': 50, 'bid': 0.0, 'expiration': 1513296000, 'lastPrice': 0.04, 'contractSymbol': 'TSLA171215C00525000', 'percentChange': 0.0, 'change': 0.0, 'openInterest': 50, 'inTheMoney': False, 'strike': 525.0, 'contractSize': 'REGULAR', 'impliedVolatility': 2.2265669335937495}
530.0	2017-12-15	call	TSLA171215C00530000	0.04	0.0	0.05	0.02	100.0	1.0	82.0	2.0156299609375	TSLA	False	TSLA	339.03	2017-12-13 21:00:00	2017-11-17 19:47:08	{'lastTradeDate': 1510948028, 'currency': 'USD', 'ask': 0.05, 'volume': 1, 'bid': 0.0, 'expiration': 1513296000, 'lastPrice': 0.04, 'contractSymbol': 'TSLA171215C00530000', 'percentChange': 100.0, 'change': 0.02, 'openInterest': 82, 'inTheMoney': False, 'strike': 530.0, 'contractSize': 'REGULAR', 'impliedVolatility': 2.0156299609375}
535.0	2017-12-15	call	TSLA171215C00535000	0.11	0.0	0.33	0.0	0.0	1.0	11.0	2.4824256689453126	TSLA	False	TSLA	339.03	2017-12-13 21:00:00	2017-10-19 16:37:26	{'lastTradeDate': 1508431046, 'currency': 'USD', 'ask': 0.33, 'volume': 1, 'bid': 0.0, 'expiration': 1513296000, 'lastPrice': 0.11, 'contractSymbol': 'TSLA171215C00535000', 'percentChange': 0.0, 'change': 0.0, 'openInterest': 11, 'inTheMoney': False, 'strike': 535.0, 'contractSize': 'REGULAR', 'impliedVolatility': 2.4824256689453126}
540.0	2017-12-15	call	TSLA171215C00540000	0.07	0.01	0.11	-0.13	-65.0	1.0	106.0	2.2656293359374997	TSLA	False	TSLA	339.03	2017-12-13 21:00:00	2017-10-16 18:05:53	{'lastTradeDate': 1508177153, 'currency': 'USD', 'ask': 0.11, 'volume': 1, 'bid': 0.01, 'expiration': 1513296000, 'lastPrice': 0.07, 'contractSymbol': 'TSLA171215C00540000', 'percentChange': -65.0, 'change': -0.13, 'openInterest': 106, 'inTheMoney': False, 'strike': 540.0, 'contractSize': 'REGULAR', 'impliedVolatility': 2.2656293359374997}
545.0	2017-12-15	call	TSLA171215C00545000	0.03	0.0	0.17	0.0	0.0	20.0	20.0	2.3906290234374996	TSLA	False	TSLA	339.03	2017-12-13 21:00:00	2017-11-18 04:50:03	{'lastTradeDate': 1510980603, 'currency': 'USD', 'ask': 0.17, 'volume': 20, 'bid': 0.0, 'expiration': 1513296000, 'lastPrice': 0.03, 'contractSymbol': 'TSLA171215C00545000', 'percentChange': 0.0, 'change': 0.0, 'openInterest': 20, 'inTheMoney': False, 'strike': 545.0, 'contractSize': 'REGULAR', 'impliedVolatility': 2.3906290234374996}
550.0	2017-12-15	call	TSLA171215C00550000	0.01	0.0	0.01	-0.01	-50.0	100.0	2038.0	1.9375003125	TSLA	False	TSLA	339.03	2017-12-13 21:00:00	2017-12-06 20:51:05	{'lastTradeDate': 1512593465, 'currency': 'USD', 'ask': 0.01, 'volume': 100, 'bid': 0.0, 'expiration': 1513296000, 'lastPrice': 0.01, 'contractSymbol': 'TSLA171215C00550000', 'percentChange': -50.0, 'change': -0.01, 'openInterest': 2038, 'inTheMoney': False, 'strike': 550.0, 'contractSize': 'REGULAR', 'impliedVolatility': 1.9375003125}
555.0	2017-12-15	call	TSLA171215C00555000	0.2	0.0	0.21	0.0	0.0	2.0	0.0	2.5234411914062496	TSLA	False	TSLA	339.03	2017-12-13 21:00:00	2017-10-14 03:46:56	{'lastTradeDate': 1507952816, 'currency': 'USD', 'ask': 0.21, 'volume': 2, 'bid': 0.0, 'expiration': 1513296000, 'lastPrice': 0.2, 'contractSymbol': 'TSLA171215C00555000', 'percentChange': 0.0, 'change': 0.0, 'openInterest': 0, 'inTheMoney': False, 'strike': 555.0, 'contractSize': 'REGULAR', 'impliedVolatility': 2.5234411914062496}
560.0	2017-12-15	call	TSLA171215C00560000	0.42	0.1	0.44	0.0	0.0	1.0	39.0	2.8554716113281247	TSLA	False	TSLA	339.03	2017-12-13 21:00:00	2017-09-21 14:02:04	{'lastTradeDate': 1506002524, 'currency': 'USD', 'ask': 0.44, 'volume': 1, 'bid': 0.1, 'expiration': 1513296000, 'lastPrice': 0.42, 'contractSymbol': 'TSLA171215C00560000', 'percentChange': 0.0, 'change': 0.0, 'openInterest': 39, 'inTheMoney': False, 'strike': 560.0, 'contractSize': 'REGULAR', 'impliedVolatility': 2.8554716113281247}
570.0	2017-12-15	call	TSLA171215C00570000	0.05	0.0	0.17	-0.9	-94.73684	20.0	123.0	2.58594103515625	TSLA	False	TSLA	339.03	2017-12-13 21:00:00	2017-10-13 18:33:04	{'lastTradeDate': 1507919584, 'currency': 'USD', 'ask': 0.17, 'volume': 20, 'bid': 0.0, 'expiration': 1513296000, 'lastPrice': 0.05, 'contractSymbol': 'TSLA171215C00570000', 'percentChange': -94.73684, 'change': -0.9, 'openInterest': 123, 'inTheMoney': False, 'strike': 570.0, 'contractSize': 'REGULAR', 'impliedVolatility': 2.58594103515625}
575.0	2017-12-15	call	TSLA171215C00575000	0.05	0.0	0.14	0.0	0.0	50.0	50.0	2.5742223144531247	TSLA	False	TSLA	339.03	2017-12-13 21:00:00	2017-10-28 03:51:27	{'lastTradeDate': 1509162687, 'currency': 'USD', 'ask': 0.14, 'volume': 50, 'bid': 0.0, 'expiration': 1513296000, 'lastPrice': 0.05, 'contractSymbol': 'TSLA171215C00575000', 'percentChange': 0.0, 'change': 0.0, 'openInterest': 50, 'inTheMoney': False, 'strike': 575.0, 'contractSize': 'REGULAR', 'impliedVolatility': 2.5742223144531247}
580.0	2017-12-15	call	TSLA171215C00580000	0.15	0.05	0.23	-0.059999987	-28.571424	20.0	25.0	2.80469048828125	TSLA	False	TSLA	339.03	2017-12-13 21:00:00	2017-09-22 19:08:14	{'lastTradeDate': 1506107294, 'currency': 'USD', 'ask': 0.23, 'volume': 20, 'bid': 0.05, 'expiration': 1513296000, 'lastPrice': 0.15, 'contractSymbol': 'TSLA171215C00580000', 'percentChange': -28.571424, 'change': -0.059999987, 'openInterest': 25, 'inTheMoney': False, 'strike': 580.0, 'contractSize': 'REGULAR', 'impliedVolatility': 2.80469048828125}
590.0	2017-12-15	call	TSLA171215C00590000	0.35	0.15	0.42	-0.02000001	-5.405408	6.0	74.0	3.1250021875	TSLA	False	TSLA	339.03	2017-12-13 21:00:00	2017-08-18 17:00:37	{'lastTradeDate': 1503075637, 'currency': 'USD', 'ask': 0.42, 'volume': 6, 'bid': 0.15, 'expiration': 1513296000, 'lastPrice': 0.35, 'contractSymbol': 'TSLA171215C00590000', 'percentChange': -5.405408, 'change': -0.02000001, 'openInterest': 74, 'inTheMoney': False, 'strike': 590.0, 'contractSize': 'REGULAR', 'impliedVolatility': 3.1250021875}
600.0	2017-12-15	call	TSLA171215C00600000	0.02	0.0	0.16	0.0	0.0	55.0	220.0	2.7890655273437504	TSLA	False	TSLA	339.03	2017-12-13 21:00:00	2017-11-16 20:42:02	{'lastTradeDate': 1510864922, 'currency': 'USD', 'ask': 0.16, 'volume': 55, 'bid': 0.0, 'expiration': 1513296000, 'lastPrice': 0.02, 'contractSymbol': 'TSLA171215C00600000', 'percentChange': 0.0, 'change': 0.0, 'openInterest': 220, 'inTheMoney': False, 'strike': 600.0, 'contractSize': 'REGULAR', 'impliedVolatility': 2.7890655273437504}
610.0	2017-12-15	call	TSLA171215C00610000	0.89	0.2	0.54	0.0	0.0	20.0	22.0	3.3925796435546873	TSLA	False	TSLA	339.03	2017-12-13 21:00:00	2017-07-05 14:23:48	{'lastTradeDate': 1499264628, 'currency': 'USD', 'ask': 0.54, 'volume': 20, 'bid': 0.2, 'expiration': 1513296000, 'lastPrice': 0.89, 'contractSymbol': 'TSLA171215C00610000', 'percentChange': 0.0, 'change': 0.0, 'openInterest': 22, 'inTheMoney': False, 'strike': 610.0, 'contractSize': 'REGULAR', 'impliedVolatility': 3.3925796435546873}
620.0	2017-12-15	call	TSLA171215C00620000	0.13	0.05	0.29	0.0	0.0	20.0	21.0	3.167970830078125	TSLA	False	TSLA	339.03	2017-12-13 21:00:00	2017-09-12 16:21:44	{'lastTradeDate': 1505233304, 'currency': 'USD', 'ask': 0.29, 'volume': 20, 'bid': 0.05, 'expiration': 1513296000, 'lastPrice': 0.13, 'contractSymbol': 'TSLA171215C00620000', 'percentChange': 0.0, 'change': 0.0, 'openInterest': 21, 'inTheMoney': False, 'strike': 620.0, 'contractSize': 'REGULAR', 'impliedVolatility': 3.167970830078125}
630.0	2017-12-15	call	TSLA171215C00630000	0.2	0.07	0.35	-0.5	-71.42857	1.0	2.0	3.3164079589843745	TSLA	False	TSLA	339.03	2017-12-13 21:00:00	2017-08-03 14:50:05	{'lastTradeDate': 1501771805, 'currency': 'USD', 'ask': 0.35, 'volume': 1, 'bid': 0.07, 'expiration': 1513296000, 'lastPrice': 0.2, 'contractSymbol': 'TSLA171215C00630000', 'percentChange': -71.42857, 'change': -0.5, 'openInterest': 2, 'inTheMoney': False, 'strike': 630.0, 'contractSize': 'REGULAR', 'impliedVolatility': 3.3164079589843745}
640.0	2017-12-15	call	TSLA171215C00640000	0.16	0.0	0.25	0.0	0.0	2.0	64.0	3.2031269921874994	TSLA	False	TSLA	339.03	2017-12-13 21:00:00	2017-09-18 14:38:37	{'lastTradeDate': 1505745517, 'currency': 'USD', 'ask': 0.25, 'volume': 2, 'bid': 0.0, 'expiration': 1513296000, 'lastPrice': 0.16, 'contractSymbol': 'TSLA171215C00640000', 'percentChange': 0.0, 'change': 0.0, 'openInterest': 64, 'inTheMoney': False, 'strike': 640.0, 'contractSize': 'REGULAR', 'impliedVolatility': 3.2031269921874994}
650.0	2017-12-15	call	TSLA171215C00650000	0.02	0.0	0.02	0.0	0.0	75.0	466.0	2.6250034375	TSLA	False	TSLA	339.03	2017-12-13 21:00:00	2017-11-16 20:05:22	{'lastTradeDate': 1510862722, 'currency': 'USD', 'ask': 0.02, 'volume': 75, 'bid': 0.0, 'expiration': 1513296000, 'lastPrice': 0.02, 'contractSymbol': 'TSLA171215C00650000', 'percentChange': 0.0, 'change': 0.0, 'openInterest': 466, 'inTheMoney': False, 'strike': 650.0, 'contractSize': 'REGULAR', 'impliedVolatility': 2.6250034375}
